10
2
2
11 26 1 4 0 -1
11 28 1 2 0 2
haar_y2
5.899455e-04 0 1
2
6 12 18 16 0 -1
6 20 18 8 0 2
haar_y2
-2.434123e-01 -1 -2
-6.665576e-01 6.827017e-01 -7.199506e-02 
2
2
14 23 16 4 0 -1
18 23 8 4 0 2
haar_x4
-4.766671e-03 1 0
2
11 26 8 4 0 -1
13 26 4 4 0 2
haar_x4
9.480076e-04 -1 -2
-5.689360e-01 1.067605e-01 -7.292503e-01 
2
2
0 25 16 3 0 -1
4 25 8 3 0 2
haar_x4
-1.997610e-03 1 0
2
6 29 12 1 0 -1
10 29 4 1 0 3
haar_x3
9.622165e-04 -1 -2
-2.822465e-01 5.513202e-01 -5.776965e-01 
2
3
23 9 4 8 0 -1
25 9 2 4 0 2
23 13 2 4 0 2
haar_x2_y2
4.121649e-03 1 0
3
22 1 2 12 0 -1
23 1 1 6 0 2
22 7 1 6 0 2
haar_x2_y2
-1.374780e-03 -1 -2
4.632029e-01 2.986972e-01 -1.167354e-01 
2
3
3 9 4 8 0 -1
3 9 2 4 0 2
5 13 2 4 0 2
haar_x2_y2
2.481863e-03 1 0
3
6 1 2 12 0 -1
6 1 1 6 0 2
7 7 1 6 0 2
haar_x2_y2
-9.218295e-04 -1 -2
4.550985e-01 2.126492e-01 -4.820919e-01 
2
2
10 0 20 4 0 -1
10 0 10 4 0 2
haar_x2
1.789141e-02 0 1
2
15 20 2 8 0 -1
13 22 2 4 0 2
tilted_haar_x4
-1.200313e-02 -1 -2
-1.375340e-01 2.473333e-01 -2.045805e-01 
2
2
1 28 2 2 0 -1
1 29 2 1 0 2
haar_y2
-2.584517e-04 0 1
2
7 1 10 3 0 -1
7 2 10 1 0 3
haar_y3
4.299515e-03 -1 -2
-6.693674e-01 3.674378e-02 7.017274e-01 
2
2
15 0 12 24 0 -1
15 0 6 24 0 2
haar_x2
-1.111387e-01 1 0
3
15 0 14 8 0 -1
22 0 7 4 0 2
15 4 7 4 0 2
haar_x2_y2
-1.024551e-02 -1 -2
3.536740e-02 2.041625e-01 -1.050921e-01 
2
2
3 0 12 24 0 -1
9 0 6 24 0 2
haar_x2
1.995456e-02 1 0
3
1 0 14 8 0 -1
1 0 7 4 0 2
8 4 7 4 0 2
haar_x2_y2
-1.510529e-02 -1 -2
2.885143e-01 2.919269e-01 -5.937548e-01 
2
2
5 11 20 2 0 -1
5 12 20 1 0 2
haar_y2
-5.065065e-03 0 1
2
12 10 14 6 0 -1
12 12 14 2 0 3
haar_y3
-1.275777e-02 -1 -2
5.389925e-01 3.379664e-01 -1.524911e-01 
-9.854032e-01

6
-1
