4
2
2
9 26 12 4 0 -1
9 28 12 2 0 2
haar_y2
1.209250e-02 0 1
2
0 2 30 28 0 -1
0 16 30 14 0 2
haar_y2
-4.023230e-02 -1 -2
-6.932288e-01 7.632296e-01 -5.803150e-01 
2
2
24 24 6 6 0 -1
24 24 3 6 0 2
haar_x2
-2.060778e-03 1 0
2
14 28 12 2 0 -1
18 28 4 2 0 3
haar_x3
1.185417e-03 -1 -2
-7.857390e-01 2.388325e-01 -7.790659e-01 
2
2
0 25 8 5 0 -1
4 25 4 5 0 2
haar_x2
-1.432210e-03 1 0
2
3 28 21 2 0 -1
10 28 7 2 0 3
haar_x3
3.350205e-03 -1 -2
-7.024723e-01 6.618286e-01 -7.633414e-01 
2
2
5 15 24 12 0 -1
5 21 24 6 0 2
haar_y2
-1.629371e-01 0 1
2
6 22 19 8 0 -1
6 24 19 4 0 2
haar_y4
-6.398220e-02 -1 -2
5.916315e-01 5.454969e-01 -1.677167e-01 
-1.324585e+00

1
-1
