15
2
2
7 6 18 18 0 -1
7 12 18 6 0 3
haar_y3
-1.999533e-01 0 1
2
6 4 17 15 0 -1
6 9 17 5 0 3
haar_y3
-2.326139e-01 -1 -2
6.304902e-01 8.015109e-01 -3.695457e-01 
2
2
16 21 6 3 0 -1
18 21 2 3 0 3
haar_x3
-2.884635e-03 1 0
2
13 21 6 3 0 -1
15 21 2 3 0 3
haar_x3
9.969699e-04 -1 -2
1.393332e-01 1.962317e-01 -6.353782e-01 
2
2
10 21 6 3 0 -1
12 21 2 3 0 3
haar_x3
9.594733e-04 1 0
2
8 0 16 6 0 -1
8 3 16 3 0 2
haar_y2
1.579606e-02 -1 -2
-6.810342e-01 -1.286689e-01 5.220086e-01 
2
2
12 11 13 10 0 -1
12 16 13 5 0 2
haar_y2
-5.204723e-02 0 1
2
7 13 19 9 0 -1
7 16 19 3 0 3
haar_y3
7.025581e-02 -1 -2
4.004899e-01 -9.915002e-02 3.556643e-01 
2
2
0 13 4 8 0 -1
2 13 2 8 0 2
haar_x2
-3.711641e-03 1 0
2
11 20 3 4 0 -1
12 20 1 4 0 3
haar_x3
-8.303582e-04 -1 -2
-3.932037e-01 -5.756755e-01 3.402467e-01 
2
2
17 21 3 3 0 -1
18 21 1 3 0 3
haar_x3
5.583875e-04 0 1
2
17 2 14 4 0 -1
17 2 7 4 0 2
haar_x2
1.100743e-02 -1 -2
1.264379e-01 -1.202440e-01 2.581023e-01 
2
2
12 21 3 3 0 -1
13 21 1 3 0 3
haar_x3
-4.342244e-04 0 1
2
1 2 14 4 0 -1
8 2 7 4 0 2
haar_x2
6.382411e-03 -1 -2
-6.263635e-01 -2.188078e-01 3.440425e-01 
2
2
3 1 28 3 0 -1
3 2 28 1 0 3
haar_y3
8.650647e-03 1 0
2
19 22 9 2 0 -1
22 22 3 2 0 3
haar_x3
2.701211e-03 -1 -2
3.932658e-01 6.294346e-02 -4.822424e-01 
2
2
2 18 18 6 0 -1
2 20 18 2 0 3
haar_y3
-3.481981e-02 0 1
2
4 22 9 2 0 -1
7 22 3 2 0 3
haar_x3
8.510393e-04 -1 -2
3.796003e-01 -7.303754e-02 -6.567487e-01 
2
2
14 14 12 2 0 -1
14 15 12 1 0 2
haar_y2
-3.720120e-03 0 1
2
13 13 15 3 0 -1
13 14 15 1 0 3
haar_y3
8.277152e-03 -1 -2
3.103423e-01 -1.042001e-01 3.692952e-01 
2
2
2 13 24 3 0 -1
2 14 24 1 0 3
haar_y3
-9.926595e-03 0 1
2
3 14 13 2 0 -1
3 15 13 1 0 2
haar_y2
-3.478778e-03 -1 -2
3.760897e-01 1.599378e-01 -4.308997e-01 
2
2
30 21 2 2 0 -1
30 21 1 2 0 2
haar_x2
1.969973e-04 1 0
2
29 10 3 14 0 -1
29 17 3 7 0 2
haar_y2
5.280437e-03 -1 -2
-5.287116e-01 -2.420213e-01 2.201165e-01 
2
2
9 22 2 2 0 -1
10 22 1 2 0 2
haar_x2
3.017464e-04 1 0
2
0 12 8 12 0 -1
4 12 4 12 0 2
haar_x2
-3.048838e-03 -1 -2
-4.726841e-01 4.341816e-01 -6.148000e-02 
2
3
17 3 12 6 0 -1
23 3 6 3 0 2
17 6 6 3 0 2
haar_x2_y2
-6.743068e-03 1 0
2
10 6 15 9 0 -1
10 9 15 3 0 3
haar_y3
-4.370167e-02 -1 -2
-8.879340e-02 2.983983e-01 -9.733148e-02 
2
3
3 3 12 6 0 -1
3 3 6 3 0 2
9 6 6 3 0 2
haar_x2_y2
5.752404e-03 1 0
3
4 3 12 6 0 -1
4 3 6 3 0 2
10 6 6 3 0 2
haar_x2_y2
-3.702996e-03 -1 -2
4.075455e-01 1.235065e-01 -4.153126e-01 
-1.354535e+00

0
-1
