5
2
2
6 14 3 5 0 -1
7 14 1 5 0 3
haar_x3
2.499952e-05 0 1
2
2 8 2 2 0 -1
3 8 1 2 0 2
haar_x2
-2.644760e-05 -1 -2
1.000000e+00 1.000000e+00 -6.151038e-01 
2
3
17 12 2 6 0 -1
18 12 1 3 0 2
17 15 1 3 0 2
haar_x2_y2
-1.580663e-04 0 1
2
19 7 2 3 0 -1
19 8 2 1 0 3
haar_y3
3.204072e-03 -1 -2
-5.706055e-02 6.110501e-02 9.999553e-01 
2
3
13 12 2 6 0 -1
13 12 1 3 0 2
14 15 1 3 0 2
haar_x2_y2
2.426302e-04 0 1
2
11 7 2 3 0 -1
11 8 2 1 0 3
haar_y3
-1.170626e-05 -1 -2
7.382419e-01 1.000000e+00 -6.144052e-01 
2
2
17 6 3 4 0 -1
18 6 1 4 0 3
haar_x3
1.636435e-03 1 0
2
23 15 9 6 0 -1
23 17 9 2 0 3
haar_y3
1.641480e-02 -1 -2
-3.826251e-01 -3.589246e-02 7.409598e-01 
2
3
12 0 2 10 0 -1
12 0 1 5 0 2
13 5 1 5 0 2
haar_x2_y2
4.685206e-03 1 0
2
0 7 1 16 0 -1
0 15 1 8 0 2
haar_y2
2.202240e-02 -1 -2
-8.048881e-01 7.881657e-01 -6.351447e-01 
-1.070334e+00

13
-1
