8
2
2
12 26 3 4 0 -1
12 28 3 2 0 2
haar_y2
1.717464e-03 0 1
2
0 24 8 6 0 -1
4 24 4 6 0 2
haar_x2
-4.341943e-03 -1 -2
-7.710468e-01 6.726388e-01 -3.411426e-01 
2
2
15 14 5 10 0 -1
15 14 5 5 0 2
tilted_haar_x2
5.651227e-02 0 1
2
28 24 2 4 0 -1
28 24 1 4 0 2
tilted_haar_y2
-7.873225e-04 -1 -2
-3.182505e-01 1.888546e-01 -5.981250e-01 
2
2
6 28 4 2 0 -1
8 28 2 2 0 2
haar_x2
2.381827e-04 1 0
2
0 27 30 3 0 -1
15 27 15 3 0 2
haar_x2
-2.205966e-02 -1 -2
-5.024707e-01 -6.229663e-01 4.887280e-01 
2
2
24 17 6 7 0 -1
26 19 2 7 0 3
tilted_haar_y3
-1.440987e-02 0 1
2
12 1 11 3 0 -1
12 2 11 1 0 3
haar_y3
6.907809e-03 -1 -2
3.267917e-01 -9.647658e-02 5.729290e-01 
2
2
5 27 1 2 0 -1
5 27 1 1 0 2
tilted_haar_y2
-1.826728e-05 1 0
2
0 26 2 4 0 -1
1 26 1 4 0 2
haar_x2
1.585800e-04 -1 -2
-7.637784e-01 2.229531e-01 -7.382534e-01 
2
2
10 7 14 6 0 -1
10 9 14 2 0 3
haar_y3
-3.185660e-02 0 1
2
10 10 14 3 0 -1
10 11 14 1 0 3
haar_y3
1.251173e-02 -1 -2
6.416754e-01 -1.837468e-01 6.610544e-01 
2
2
8 10 12 3 0 -1
8 11 12 1 0 3
haar_y3
-5.965933e-03 0 1
2
7 13 16 4 0 -1
7 14 16 2 0 2
haar_y4
7.402149e-03 -1 -2
5.701946e-01 -4.430692e-01 3.399686e-01 
2
2
18 21 12 4 0 -1
22 21 4 4 0 3
haar_x3
-6.641916e-03 1 0
2
5 20 22 9 0 -1
5 20 11 9 0 2
haar_x2
-5.984941e-02 -1 -2
-3.342561e-01 -7.352865e-01 1.023719e-01 
-1.559832e+00

3
-1
