31
2
2
3 7 21 15 0 -1
3 12 21 5 0 3
haar_y3
-2.384052e-01 0 1
2
1 19 30 3 0 -1
11 19 10 3 0 3
haar_x3
-3.615320e-02 -1 -2
4.236198e-01 1.993992e-01 -2.723079e-01 
2
2
15 21 3 3 0 -1
16 21 1 3 0 3
haar_x3
3.860666e-04 0 1
2
15 22 3 2 0 -1
16 22 1 2 0 3
haar_x3
2.452029e-04 -1 -2
8.475979e-02 9.355588e-02 -5.223573e-01 
2
2
0 11 4 10 0 -1
2 11 2 10 0 2
haar_x2
-4.969433e-03 1 0
2
13 20 6 3 0 -1
15 20 2 3 0 3
haar_x3
-1.431049e-03 -1 -2
-1.587700e-01 -4.576887e-01 3.943478e-01 
2
2
5 10 25 8 0 -1
5 14 25 4 0 2
haar_y2
1.598670e-01 1 0
2
3 12 26 12 0 -1
3 16 26 4 0 3
haar_y3
-1.859230e-01 -1 -2
4.728359e-01 3.177125e-01 -8.484566e-02 
2
2
0 4 14 3 0 -1
7 4 7 3 0 2
haar_x2
9.299848e-03 1 0
3
2 0 10 6 0 -1
2 0 5 3 0 2
7 3 5 3 0 2
haar_x2_y2
-1.058983e-02 -1 -2
1.720322e-01 1.915310e-01 -3.563183e-01 
2
2
22 21 3 3 0 -1
23 21 1 3 0 3
haar_x3
6.663634e-04 1 0
3
28 10 2 2 0 -1
29 10 1 1 0 2
28 11 1 1 0 2
haar_x2_y2
-4.141937e-04 -1 -2
-4.500711e-01 2.784728e-01 -1.069427e-01 
2
2
0 22 3 2 0 -1
1 22 1 2 0 3
haar_x3
-2.364048e-04 0 1
3
5 6 2 2 0 -1
5 6 1 1 0 2
6 7 1 1 0 2
haar_x2_y2
3.679926e-04 -1 -2
-3.330666e-01 5.619383e-02 5.045974e-01 
2
3
26 4 6 10 0 -1
29 4 3 5 0 2
26 9 3 5 0 2
haar_x2_y2
-7.685473e-03 1 0
3
26 0 6 18 0 -1
29 0 3 9 0 2
26 9 3 9 0 2
haar_x2_y2
-1.379176e-02 -1 -2
-1.559884e-01 2.684045e-01 -1.682971e-01 
2
2
4 10 8 12 0 -1
4 16 8 6 0 2
haar_y2
-4.560778e-02 0 1
2
2 22 2 2 0 -1
3 22 1 2 0 2
haar_x2
-1.975382e-04 -1 -2
3.635482e-01 -5.210652e-01 5.747069e-02 
2
2
31 9 1 14 0 -1
31 16 1 7 0 2
haar_y2
-8.250227e-03 0 1
2
11 0 12 6 0 -1
11 3 12 3 0 2
haar_y2
8.052250e-03 -1 -2
-4.343106e-01 -1.789322e-01 1.508702e-01 
2
3
1 12 2 2 0 -1
1 12 1 1 0 2
2 13 1 1 0 2
haar_x2_y2
3.177412e-04 1 0
3
1 12 2 2 0 -1
1 12 1 1 0 2
2 13 1 1 0 2
haar_x2_y2
-2.957069e-04 -1 -2
3.618009e-01 2.602410e-01 -2.007878e-01 
2
2
30 17 2 5 0 -1
30 17 1 5 0 2
haar_x2
5.799731e-04 1 0
2
18 22 3 1 0 -1
19 22 1 1 0 3
haar_x3
-9.845062e-05 -1 -2
-4.088380e-01 -2.690147e-01 7.302723e-02 
2
2
0 17 2 5 0 -1
1 17 1 5 0 2
haar_x2
3.823810e-04 1 0
2
11 22 3 1 0 -1
12 22 1 1 0 3
haar_x3
-1.154348e-04 -1 -2
-3.579253e-01 -2.578966e-01 2.184379e-01 
2
2
8 21 20 3 0 -1
8 22 20 1 0 3
haar_y3
-7.030209e-03 0 1
2
16 6 12 11 0 -1
20 6 4 11 0 3
haar_x3
-5.772657e-03 -1 -2
2.885893e-01 1.359067e-01 -9.607228e-02 
2
3
2 9 12 2 0 -1
2 9 6 1 0 2
8 10 6 1 0 2
haar_x2_y2
-2.794873e-03 0 1
2
7 9 15 3 0 -1
7 10 15 1 0 3
haar_y3
9.461037e-03 -1 -2
1.966031e-01 -2.758463e-01 1.944443e-01 
2
2
12 6 18 6 0 -1
18 6 6 6 0 3
haar_x3
1.191462e-02 0 1
2
24 16 8 7 0 -1
24 16 4 7 0 2
haar_x2
-1.718690e-02 -1 -2
-8.729120e-02 3.041841e-01 -1.002819e-01 
2
2
1 14 12 10 0 -1
7 14 6 10 0 2
haar_x2
3.153523e-02 1 0
2
0 9 2 14 0 -1
0 16 2 7 0 2
haar_y2
-1.710568e-02 -1 -2
-6.592522e-01 -4.326292e-01 1.577092e-01 
2
2
13 3 18 8 0 -1
19 3 6 8 0 3
haar_x3
3.341659e-02 0 1
2
3 0 26 24 0 -1
3 8 26 8 0 3
haar_y3
3.745331e-01 -1 -2
-6.807993e-02 -7.352508e-02 2.961513e-01 
2
2
1 3 18 8 0 -1
7 3 6 8 0 3
haar_x3
-1.196725e-02 0 1
3
3 0 2 16 0 -1
3 0 1 8 0 2
4 8 1 8 0 2
haar_x2_y2
2.330843e-03 -1 -2
2.758814e-01 -1.968390e-01 2.411812e-01 
2
2
24 10 6 12 0 -1
26 10 2 12 0 3
haar_x3
-2.806764e-03 0 1
3
30 10 2 12 0 -1
31 10 1 6 0 2
30 16 1 6 0 2
haar_x2_y2
1.298566e-03 -1 -2
1.607629e-01 -8.296122e-02 2.117798e-01 
2
2
3 16 18 8 0 -1
9 16 6 8 0 3
haar_x3
-5.895256e-02 0 1
2
2 10 6 12 0 -1
4 10 2 12 0 3
haar_x3
-4.987927e-03 -1 -2
-7.488765e-01 1.956019e-01 -1.483842e-01 
2
2
27 23 3 1 0 -1
28 23 1 1 0 3
haar_x3
-3.605532e-04 1 0
2
9 9 20 3 0 -1
9 10 20 1 0 3
haar_y3
-5.224138e-03 -1 -2
3.205010e-02 1.793446e-01 -1.084250e-01 
2
2
2 23 3 1 0 -1
3 23 1 1 0 3
haar_x3
1.750744e-04 1 0
2
9 0 12 24 0 -1
13 0 4 24 0 3
haar_x3
8.705758e-02 -1 -2
-4.299585e-01 7.783246e-02 -6.812432e-01 
2
3
20 4 2 2 0 -1
21 4 1 1 0 2
20 5 1 1 0 2
haar_x2_y2
-2.011967e-04 0 1
2
20 2 1 3 0 -1
20 3 1 1 0 3
haar_y3
-9.642339e-04 -1 -2
1.733969e-01 2.342447e-01 -7.833472e-02 
2
2
4 4 3 14 0 -1
5 4 1 14 0 3
haar_x3
1.293252e-03 0 1
2
14 4 4 12 0 -1
16 4 2 12 0 2
haar_x2
1.131077e-02 -1 -2
-1.709076e-01 2.720726e-01 -7.316900e-01 
2
2
30 22 2 2 0 -1
30 23 2 1 0 2
haar_y2
-1.611024e-03 0 1
3
22 4 2 2 0 -1
23 4 1 1 0 2
22 5 1 1 0 2
haar_x2_y2
-2.375520e-04 -1 -2
-5.171351e-01 2.140889e-01 -8.630667e-02 
2
2
12 12 2 2 0 -1
12 13 2 1 0 2
haar_y2
-2.789423e-04 0 1
2
8 12 4 3 0 -1
8 13 4 1 0 3
haar_y3
1.353993e-03 -1 -2
2.124734e-01 -3.141002e-01 1.185257e-01 
2
2
11 8 21 16 0 -1
18 8 7 16 0 3
haar_x3
-1.269411e-02 0 1
2
5 2 23 21 0 -1
5 9 23 7 0 3
haar_y3
2.918811e-01 -1 -2
1.203370e-01 -5.508162e-02 2.726685e-01 
2
2
0 8 21 16 0 -1
7 8 7 16 0 3
haar_x3
-4.510961e-03 1 0
2
0 20 3 4 0 -1
0 22 3 2 0 2
haar_y2
-5.835264e-03 -1 -2
-2.661673e-01 -6.869976e-01 1.665854e-01 
2
2
26 22 3 2 0 -1
27 22 1 2 0 3
haar_x3
-1.498089e-04 1 0
3
29 1 2 8 0 -1
30 1 1 4 0 2
29 5 1 4 0 2
haar_x2_y2
2.389000e-03 -1 -2
7.416728e-02 -4.799517e-02 2.225454e-01 
2
2
5 2 2 15 0 -1
6 2 1 15 0 2
haar_x2
2.226322e-03 0 1
2
4 4 4 20 0 -1
6 4 2 20 0 2
haar_x2
2.667749e-02 -1 -2
-1.787921e-01 2.903906e-01 -6.101731e-01 
-1.135548e+00

4
-1
