8
2
2
6 17 7 6 0 -1
4 19 7 2 0 3
tilted_haar_y3
-1.900323e-02 1 0
2
14 23 2 6 0 -1
14 25 2 2 0 3
haar_y3
-2.338584e-03 -1 -2
-4.106401e-01 7.165077e-01 -3.005670e-01 
2
2
15 15 4 10 0 -1
15 15 4 5 0 2
tilted_haar_x2
2.022463e-02 0 1
2
6 25 24 5 0 -1
12 25 12 5 0 2
haar_x4
-5.920476e-03 -1 -2
-4.608342e-01 2.801839e-01 -6.794191e-01 
2
2
1 27 15 3 0 -1
6 27 5 3 0 3
haar_x3
1.107248e-03 1 0
2
0 0 30 30 0 -1
0 15 30 15 0 2
haar_y2
4.806481e-02 -1 -2
-6.570539e-01 4.602475e-01 -8.244290e-01 
2
2
20 26 2 2 0 -1
20 26 1 2 0 2
tilted_haar_y2
-7.138827e-04 1 0
2
14 28 6 1 0 -1
16 28 2 1 0 3
haar_x3
3.363431e-04 -1 -2
-5.415363e-01 1.120306e-01 -6.891573e-01 
2
2
9 28 9 2 0 -1
12 28 3 2 0 3
haar_x3
8.027675e-04 1 0
2
0 25 6 2 0 -1
3 25 3 2 0 2
haar_x2
-9.426265e-04 -1 -2
-6.958045e-01 5.080792e-01 -2.383219e-01 
2
2
17 27 1 2 0 -1
17 27 1 1 0 2
tilted_haar_x2
-4.241710e-05 1 0
2
0 29 30 1 0 -1
0 29 15 1 0 2
haar_x2
-1.255660e-02 -1 -2
-5.488653e-01 -8.372269e-01 1.170315e-01 
2
2
0 0 14 4 0 -1
7 0 7 4 0 2
haar_x2
8.556785e-03 1 0
2
3 4 14 13 0 -1
10 4 7 13 0 2
haar_x2
1.636120e-02 -1 -2
4.879338e-01 -5.038192e-01 3.126832e-01 
2
2
9 2 14 12 0 -1
9 6 14 4 0 3
haar_y3
-5.877247e-02 0 1
2
7 10 16 6 0 -1
7 12 16 2 0 3
haar_y3
-1.375371e-02 -1 -2
4.016818e-01 3.693256e-01 -1.386354e-01 
-1.062941e+00

4
-1
