13
2
2
11 25 2 3 0 -1
11 25 1 3 0 2
tilted_haar_x2
-7.200550e-04 1 0
2
0 25 21 4 0 -1
7 25 7 4 0 3
haar_x3
-6.279388e-03 -1 -2
-6.342177e-01 5.348298e-01 -4.614514e-01 
2
2
11 11 19 18 0 -1
11 20 19 9 0 2
haar_y2
-1.572509e-01 0 1
2
1 11 28 3 0 -1
8 11 14 3 0 2
haar_x4
-2.579971e-02 -1 -2
1.720099e-01 9.216454e-01 -7.657605e-02 
2
2
3 0 20 4 0 -1
13 0 10 4 0 2
haar_x2
5.192813e-03 0 1
2
5 14 10 4 0 -1
5 14 10 2 0 2
tilted_haar_y2
2.136674e-02 -1 -2
-4.198681e-01 -7.180414e-02 8.700742e-01 
2
2
9 14 12 16 0 -1
13 14 4 16 0 3
haar_x3
1.151347e-02 1 0
3
18 9 10 8 0 -1
23 9 5 4 0 2
18 13 5 4 0 2
haar_x2_y2
1.073553e-02 -1 -2
6.296141e-01 -8.089689e-02 5.600748e-01 
2
3
4 4 2 6 0 -1
4 4 1 3 0 2
5 7 1 3 0 2
haar_x2_y2
-1.348592e-03 0 1
3
3 5 2 2 0 -1
3 5 1 1 0 2
4 6 1 1 0 2
haar_x2_y2
-1.434706e-04 -1 -2
8.404460e-01 3.228649e-01 -4.605001e-01 
2
2
14 26 2 4 0 -1
14 26 1 4 0 2
haar_x2
3.196310e-04 0 1
2
16 26 8 1 0 -1
16 26 4 1 0 2
haar_x2
1.510537e-03 -1 -2
1.807877e-01 5.832843e-02 -7.909681e-01 
2
3
7 17 4 4 0 -1
7 17 2 2 0 2
9 19 2 2 0 2
haar_x2_y2
1.294545e-03 1 0
2
8 11 11 6 0 -1
6 13 11 2 0 3
tilted_haar_y3
-1.228201e-02 -1 -2
6.070277e-01 5.236994e-01 -4.604190e-01 
2
2
14 6 3 9 0 -1
14 9 3 3 0 3
haar_y3
-6.850434e-03 0 1
2
11 1 16 9 0 -1
11 4 16 3 0 3
haar_y3
-2.881759e-02 -1 -2
4.510801e-01 4.659149e-01 -1.478886e-01 
2
2
4 13 10 4 0 -1
4 13 10 2 0 2
tilted_haar_y2
2.911356e-02 1 0
2
13 3 15 4 0 -1
13 3 15 2 0 2
tilted_haar_y2
1.562524e-02 -1 -2
5.974104e-01 -4.617165e-01 4.165184e-01 
2
2
16 26 8 1 0 -1
16 26 4 1 0 2
haar_x2
-5.690869e-03 1 0
2
28 17 2 6 0 -1
28 20 2 3 0 2
haar_y2
-6.873631e-03 -1 -2
7.290371e-03 -5.811984e-01 7.744806e-02 
2
2
6 26 8 1 0 -1
10 26 4 1 0 2
haar_x2
2.805381e-04 1 0
2
0 17 2 6 0 -1
0 20 2 3 0 2
haar_y2
3.463631e-04 -1 -2
-7.439535e-01 3.887772e-01 -4.352996e-01 
2
2
24 9 3 1 0 -1
25 9 1 1 0 3
haar_x3
8.504811e-04 1 0
3
25 8 2 6 0 -1
26 8 1 3 0 2
25 11 1 3 0 2
haar_x2_y2
-4.207159e-04 -1 -2
5.666634e-01 3.483118e-01 -1.453054e-01 
2
2
1 23 6 1 0 -1
3 23 2 1 0 3
haar_x3
-7.745442e-04 0 1
2
2 13 3 13 0 -1
3 13 1 13 0 3
haar_x3
9.249732e-04 -1 -2
4.905739e-01 -4.895365e-01 4.284325e-01 
-1.137973e+00

8
-1
