13
2
2
14 24 4 1 0 -1
15 25 2 1 0 2
tilted_haar_x4
-9.361900e-04 1 0
2
7 29 12 1 0 -1
13 29 6 1 0 2
haar_x2
9.469562e-04 -1 -2
-4.171879e-01 6.751121e-01 -3.677014e-01 
2
3
7 20 22 8 0 -1
18 20 11 4 0 2
7 24 11 4 0 2
haar_x2_y2
-8.144636e-03 1 0
2
11 8 8 6 0 -1
11 10 8 2 0 3
haar_y3
-1.237835e-02 -1 -2
-1.485490e-01 6.121021e-01 -1.498592e-01 
2
3
1 20 22 8 0 -1
1 20 11 4 0 2
12 24 11 4 0 2
haar_x2_y2
-6.886963e-03 0 1
2
11 10 11 9 0 -1
8 13 11 3 0 3
tilted_haar_y3
-3.995024e-02 -1 -2
4.117110e-01 8.722221e-01 -4.858444e-01 
2
3
25 10 2 2 0 -1
26 10 1 1 0 2
25 11 1 1 0 2
haar_x2_y2
2.268338e-04 1 0
3
21 13 6 6 0 -1
24 13 3 3 0 2
21 16 3 3 0 2
haar_x2_y2
-6.437271e-03 -1 -2
5.002599e-01 5.710716e-01 -2.578287e-02 
2
3
4 14 4 4 0 -1
4 14 2 2 0 2
6 16 2 2 0 2
haar_x2_y2
1.522396e-03 1 0
2
9 10 4 4 0 -1
9 11 4 2 0 2
haar_y4
4.872134e-03 -1 -2
8.972071e-01 -3.733878e-01 7.848352e-01 
2
2
9 11 14 3 0 -1
9 12 14 1 0 3
haar_y3
-9.096300e-04 0 1
3
25 10 2 2 0 -1
26 10 1 1 0 2
25 11 1 1 0 2
haar_x2_y2
-1.331114e-04 -1 -2
4.919026e-01 3.357670e-01 -9.330583e-02 
2
3
3 10 2 2 0 -1
3 10 1 1 0 2
4 11 1 1 0 2
haar_x2_y2
2.431616e-04 1 0
2
9 15 3 3 0 -1
8 16 3 1 0 3
tilted_haar_y3
-2.101344e-03 -1 -2
6.210997e-01 7.548026e-01 -4.610550e-01 
2
2
14 28 3 1 0 -1
15 28 1 1 0 3
haar_x3
3.649552e-04 1 0
2
25 27 4 2 0 -1
25 27 2 2 0 2
haar_x2
2.234753e-04 -1 -2
-9.520500e-01 1.490626e-01 -6.354888e-01 
2
2
13 26 2 1 0 -1
14 26 1 1 0 2
haar_x2
9.786608e-05 1 0
2
2 28 1 2 0 -1
2 29 1 1 0 2
haar_y2
-5.714405e-05 -1 -2
-7.441878e-01 -6.100250e-01 4.272232e-01 
2
3
21 21 4 2 0 -1
23 21 2 1 0 2
21 22 2 1 0 2
haar_x2_y2
7.451010e-04 1 0
2
6 1 18 4 0 -1
6 2 18 2 0 2
haar_y4
1.067290e-02 -1 -2
7.216771e-01 -2.134537e-01 7.762508e-01 
2
3
0 25 8 4 0 -1
0 25 4 2 0 2
4 27 4 2 0 2
haar_x2_y2
2.470044e-03 1 0
2
9 4 20 3 0 -1
9 4 10 3 0 2
tilted_haar_x2
9.109861e-02 -1 -2
5.234631e-01 -4.918329e-01 9.166490e-01 
2
2
26 18 4 12 0 -1
26 21 4 6 0 2
haar_y4
-2.538108e-02 1 0
2
14 29 3 1 0 -1
15 29 1 1 0 3
haar_x3
-2.154713e-04 -1 -2
8.790854e-02 -7.338450e-01 8.024286e-02 
2
2
0 18 4 12 0 -1
0 21 4 6 0 2
haar_y4
-1.754081e-03 1 0
2
2 28 26 2 0 -1
15 28 13 2 0 2
haar_x2
-6.568767e-03 -1 -2
-6.457652e-01 -6.486768e-01 4.681588e-01 
-1.366652e+00

9
-1
