10
2
2
13 25 4 1 0 -1
13 25 2 1 0 2
tilted_haar_x2
-1.872329e-03 1 0
2
0 26 6 3 0 -1
3 26 3 3 0 2
haar_x2
-8.455205e-04 -1 -2
-6.135770e-01 5.797543e-01 -4.851564e-01 
2
2
15 13 4 12 0 -1
15 13 4 6 0 2
tilted_haar_x2
2.769814e-02 0 1
2
13 1 10 15 0 -1
13 6 10 5 0 3
haar_y3
-4.556218e-02 -1 -2
-4.875356e-01 4.688827e-01 -2.440929e-01 
2
2
11 25 8 4 0 -1
15 25 4 4 0 2
haar_x2
3.483035e-03 1 0
2
0 27 30 3 0 -1
15 27 15 3 0 2
haar_x2
-2.195719e-02 -1 -2
-7.892420e-01 -7.105168e-01 4.088485e-01 
2
2
1 25 28 5 0 -1
8 25 14 5 0 2
haar_x4
-1.442755e-02 1 0
2
19 26 9 4 0 -1
19 28 9 2 0 2
haar_y2
6.037224e-03 -1 -2
-5.552889e-01 -4.865342e-01 2.567136e-01 
2
2
0 12 8 12 0 -1
2 12 4 12 0 2
haar_x4
-5.488017e-03 0 1
3
0 5 4 12 0 -1
0 5 2 6 0 2
2 11 2 6 0 2
haar_x2_y2
3.885807e-03 -1 -2
5.430687e-01 -4.113439e-01 3.797590e-01 
2
2
17 29 4 1 0 -1
17 29 2 1 0 2
haar_x2
-5.927859e-04 1 0
2
16 28 9 2 0 -1
19 28 3 2 0 3
haar_x3
1.132940e-03 -1 -2
1.364302e-01 1.608597e-01 -7.018853e-01 
2
2
9 29 4 1 0 -1
11 29 2 1 0 2
haar_x2
3.863215e-04 1 0
2
6 27 6 3 0 -1
8 27 2 3 0 3
haar_x3
6.299120e-04 -1 -2
-8.959670e-01 2.134422e-01 -6.335434e-01 
2
2
16 0 14 4 0 -1
16 0 7 4 0 2
haar_x2
5.268310e-03 1 0
2
19 4 9 6 0 -1
22 4 3 6 0 3
haar_x3
-5.604815e-03 -1 -2
2.221579e-01 1.921546e-01 -1.687972e-01 
2
2
6 1 13 3 0 -1
6 2 13 1 0 3
haar_y3
6.148285e-03 1 0
2
6 1 13 3 0 -1
6 2 13 1 0 3
haar_y3
-5.803948e-03 -1 -2
4.737745e-01 3.074667e-01 -4.711548e-01 
2
2
25 27 2 1 0 -1
25 27 1 1 0 2
tilted_haar_y2
-2.933180e-05 1 0
2
0 4 30 26 0 -1
0 17 30 13 0 2
haar_y2
-8.660364e-02 -1 -2
-4.723035e-01 1.145662e-01 -6.924102e-01 
-1.526972e+00

4
-1
