13
2
2
0 19 29 8 0 -1
0 23 29 4 0 2
haar_y2
-4.728046e-02 1 0
2
9 27 3 3 0 -1
10 28 1 1 0 9
haar_point
4.029819e-04 -1 -2
-5.690826e-01 -8.805829e-02 9.066692e-01 
2
2
8 26 16 2 0 -1
8 26 8 2 0 2
haar_x2
-7.366545e-03 1 0
2
2 22 28 7 0 -1
2 22 14 7 0 2
haar_x2
-1.075643e-01 -1 -2
2.512958e-01 -9.545579e-01 1.472872e-01 
2
3
7 4 2 2 0 -1
7 4 1 1 0 2
8 5 1 1 0 2
haar_x2_y2
-1.506785e-04 0 1
3
3 15 12 2 0 -1
3 15 6 1 0 2
9 16 6 1 0 2
haar_x2_y2
1.370901e-03 -1 -2
1.000000e+00 -4.611235e-01 9.998869e-01 
2
2
19 0 1 3 0 -1
18 1 1 1 0 3
tilted_haar_x3
1.960467e-03 1 0
2
10 10 12 8 0 -1
10 12 12 4 0 2
haar_y4
1.870262e-02 -1 -2
6.167794e-01 -1.420467e-01 6.150948e-01 
2
2
2 5 6 1 0 -1
4 5 2 1 0 3
haar_x3
-7.731209e-04 0 1
2
4 17 3 2 0 -1
5 17 1 2 0 3
haar_x3
-2.108971e-04 -1 -2
8.311194e-01 8.447129e-01 -4.943834e-01 
2
2
6 25 20 3 0 -1
6 25 10 3 0 2
haar_x2
-2.104722e-02 1 0
2
27 27 2 1 0 -1
27 27 1 1 0 2
tilted_haar_y2
-3.319277e-03 -1 -2
1.783184e-01 -8.808371e-01 7.319605e-02 
2
2
8 25 14 4 0 -1
8 26 14 2 0 2
haar_y4
-1.127781e-02 0 1
3
4 14 6 2 0 -1
4 14 3 1 0 2
7 15 3 1 0 2
haar_x2_y2
-9.836410e-04 -1 -2
7.847971e-01 1.000000e+00 -4.962085e-01 
2
2
6 25 20 3 0 -1
6 25 10 3 0 2
haar_x2
-1.275500e-02 0 1
2
19 0 1 6 0 -1
19 2 1 2 0 3
haar_y3
2.099523e-03 -1 -2
-4.591196e-01 -1.216455e-01 8.017313e-01 
2
2
5 2 12 8 0 -1
9 2 4 8 0 3
haar_x3
5.791619e-03 1 0
3
4 23 14 6 0 -1
4 23 7 3 0 2
11 26 7 3 0 2
haar_x2_y2
-3.865519e-03 -1 -2
8.255837e-01 7.674559e-01 -4.570568e-01 
2
2
2 5 28 3 0 -1
2 6 28 1 0 3
haar_y3
-2.350949e-04 0 1
2
24 21 2 3 0 -1
24 21 1 3 0 2
haar_x2
-1.857094e-03 -1 -2
4.761168e-01 1.000000e+00 5.243157e-03 
2
3
3 17 10 2 0 -1
3 17 5 1 0 2
8 18 5 1 0 2
haar_x2_y2
-5.681664e-04 0 1
3
0 12 18 2 0 -1
0 12 9 1 0 2
9 13 9 1 0 2
haar_x2_y2
-2.549948e-03 -1 -2
8.107821e-01 1.000000e+00 -5.750067e-01 
2
2
23 14 2 3 0 -1
23 14 1 3 0 2
haar_x2
2.358281e-03 1 0
3
22 5 2 2 0 -1
23 5 1 1 0 2
22 6 1 1 0 2
haar_x2_y2
5.774881e-05 -1 -2
7.111740e-01 -1.823336e-01 2.642091e-01 
2
2
6 12 2 2 0 -1
6 12 2 1 0 2
tilted_haar_y2
1.506674e-03 1 0
3
4 9 2 16 0 -1
4 9 1 8 0 2
5 17 1 8 0 2
haar_x2_y2
2.092228e-03 -1 -2
1.000042e+00 -4.802058e-01 8.604458e-01 
-1.266835e+00

10
-1
