11
2
2
14 26 2 1 0 -1
15 26 1 1 0 2
haar_x2
-7.441186e-05 0 1
2
0 27 2 2 0 -1
1 27 1 2 0 2
haar_x2
7.437530e-05 -1 -2
-6.178439e-01 5.416167e-01 -5.370595e-01 
2
2
15 22 4 1 0 -1
15 22 2 1 0 2
tilted_haar_y2
8.240156e-04 0 1
2
25 24 3 2 0 -1
25 25 3 1 0 2
haar_y2
1.030403e-03 -1 -2
-4.292669e-01 1.025493e-01 -2.943541e-01 
2
3
0 11 24 16 0 -1
0 11 12 8 0 2
12 19 12 8 0 2
haar_x2_y2
-3.313052e-03 0 1
2
3 19 21 5 0 -1
10 19 7 5 0 3
haar_x3
1.375924e-02 -1 -2
5.810966e-01 -6.361208e-01 1.000004e+00 
2
2
0 28 30 2 0 -1
10 28 10 2 0 3
haar_x3
-2.326781e-05 1 0
2
20 25 4 5 0 -1
20 25 2 5 0 2
haar_x2
-3.296852e-04 -1 -2
-6.743407e-01 3.015505e-01 -4.271977e-01 
2
2
15 0 2 6 0 -1
15 0 1 6 0 2
tilted_haar_x2
1.031946e-03 1 0
2
13 0 1 12 0 -1
13 3 1 6 0 2
haar_y4
1.421470e-03 -1 -2
6.814365e-01 -5.882138e-01 6.355286e-01 
2
3
9 12 14 16 0 -1
16 12 7 8 0 2
9 20 7 8 0 2
haar_x2_y2
6.804044e-03 0 1
2
17 16 4 8 0 -1
18 16 2 8 0 2
haar_x4
1.165935e-03 -1 -2
-1.719833e-01 -1.111782e-01 3.444218e-01 
2
2
0 3 4 8 0 -1
0 5 4 4 0 2
haar_y4
-1.535183e-02 0 1
2
4 11 12 1 0 -1
8 15 4 1 0 3
tilted_haar_x3
2.619812e-02 -1 -2
-8.097396e-01 4.906351e-01 -7.410150e-01 
2
2
24 18 3 9 0 -1
25 19 1 9 0 3
tilted_haar_y3
-8.007422e-03 0 1
2
13 10 7 12 0 -1
13 13 7 6 0 2
haar_y4
7.859552e-03 -1 -2
3.726092e-01 -3.929605e-01 3.144372e-01 
2
2
4 10 2 3 0 -1
4 11 2 1 0 3
haar_y3
7.531333e-04 1 0
2
9 16 5 3 0 -1
9 17 5 1 0 3
haar_y3
-2.208319e-03 -1 -2
8.292763e-01 8.582802e-01 -4.866579e-01 
2
2
20 5 3 1 0 -1
21 5 1 1 0 3
haar_x3
1.305269e-04 0 1
2
22 3 6 3 0 -1
24 3 2 3 0 3
haar_x3
-2.444538e-03 -1 -2
-1.410602e-01 2.455930e-01 -9.179436e-02 
2
3
4 28 6 2 0 -1
4 28 3 1 0 2
7 29 3 1 0 2
haar_x2_y2
-2.391482e-04 0 1
2
0 9 5 6 0 -1
0 12 5 3 0 2
haar_y2
-5.018083e-04 -1 -2
-5.574386e-01 8.593797e-01 -2.285532e-03 
-1.238671e+00

9
-1
