6
2
2
9 26 11 4 0 -1
9 28 11 2 0 2
haar_y2
1.220970e-02 0 1
2
0 26 30 4 0 -1
10 26 10 4 0 3
haar_x3
-1.281004e-02 -1 -2
-6.400713e-01 6.938775e-01 -5.816718e-01 
2
2
15 14 5 10 0 -1
15 14 5 5 0 2
tilted_haar_x2
2.655576e-02 0 1
2
14 24 16 6 0 -1
18 24 8 6 0 2
haar_x4
-3.543680e-03 -1 -2
-5.998205e-01 3.703112e-01 -7.026861e-01 
2
2
13 26 4 4 0 -1
15 26 2 4 0 2
haar_x2
1.548452e-03 1 0
2
12 27 6 3 0 -1
15 27 3 3 0 2
haar_x2
-1.378283e-03 -1 -2
-8.797670e-01 -7.479011e-01 5.646014e-01 
2
2
24 18 6 5 0 -1
26 20 2 5 0 3
tilted_haar_y3
-7.868085e-03 1 0
2
14 26 6 4 0 -1
16 26 2 4 0 3
haar_x3
-1.749516e-03 -1 -2
-4.433120e-01 -6.897591e-01 5.903657e-02 
2
2
0 24 4 5 0 -1
2 24 2 5 0 2
haar_x2
-1.152698e-03 1 0
2
0 5 29 24 0 -1
0 17 29 12 0 2
haar_y2
-1.144115e-01 -1 -2
-3.726077e-01 6.374552e-01 -4.107606e-01 
2
2
10 2 10 12 0 -1
10 5 10 6 0 2
haar_y4
-2.991069e-02 0 1
2
1 5 28 3 0 -1
8 5 14 3 0 2
haar_x4
4.185516e-02 -1 -2
6.271180e-01 -6.337289e-02 6.150494e-01 
-1.394605e+00

2
-1
