14
2
2
0 18 28 12 0 -1
0 21 28 6 0 2
haar_y4
-1.048136e-01 1 0
2
3 27 24 1 0 -1
9 27 12 1 0 2
haar_x4
-1.573943e-04 -1 -2
-5.003682e-01 5.121588e-01 -5.266151e-01 
2
2
12 27 6 2 0 -1
14 27 2 2 0 3
haar_x3
5.188637e-04 1 0
2
22 14 6 8 0 -1
22 14 3 8 0 2
haar_x2
9.420393e-03 -1 -2
-8.161741e-01 -1.553220e-01 3.969497e-01 
2
2
0 28 3 2 0 -1
0 29 3 1 0 2
haar_y2
-3.113239e-04 0 1
2
1 27 28 3 0 -1
15 27 14 3 0 2
haar_x2
-1.709913e-02 -1 -2
-5.885568e-01 -6.600698e-01 3.726479e-01 
2
2
6 25 24 4 0 -1
6 25 12 4 0 2
haar_x2
-7.034186e-02 1 0
2
6 29 24 1 0 -1
12 29 12 1 0 2
haar_x4
1.158951e-03 -1 -2
7.276563e-02 1.436778e-01 -6.892455e-01 
2
2
5 9 20 6 0 -1
5 11 20 2 0 3
haar_y3
4.026087e-02 1 0
2
5 10 15 3 0 -1
5 11 15 1 0 3
haar_y3
-1.072872e-02 -1 -2
6.528715e-01 5.817774e-01 -3.797101e-01 
2
2
5 25 24 2 0 -1
5 25 12 2 0 2
haar_x2
-3.897772e-02 1 0
2
17 24 4 1 0 -1
18 25 2 1 0 2
tilted_haar_y4
-6.786697e-04 -1 -2
5.137770e-02 2.182534e-01 -3.303908e-01 
2
2
1 25 24 2 0 -1
13 25 12 2 0 2
haar_x2
1.685456e-03 1 0
2
13 24 1 4 0 -1
12 25 1 2 0 2
tilted_haar_y4
-1.055800e-03 -1 -2
-6.398259e-01 5.393355e-01 -2.251295e-01 
2
3
23 8 6 14 0 -1
26 8 3 7 0 2
23 15 3 7 0 2
haar_x2_y2
-3.367921e-03 1 0
2
7 15 18 9 0 -1
13 15 6 9 0 3
haar_x3
7.723417e-03 -1 -2
-7.932741e-02 -2.470222e-01 2.795825e-01 
2
3
1 8 6 14 0 -1
1 8 3 7 0 2
4 15 3 7 0 2
haar_x2_y2
8.909618e-03 1 0
2
5 10 2 16 0 -1
5 18 2 8 0 2
haar_y2
-1.036434e-02 -1 -2
6.232267e-01 1.191198e-01 -6.030458e-01 
2
2
3 0 24 4 0 -1
9 0 12 4 0 2
haar_x4
9.298693e-03 0 1
3
1 13 28 10 0 -1
15 13 14 5 0 2
1 18 14 5 0 2
haar_x2_y2
-4.822565e-02 -1 -2
-3.467640e-01 -7.671227e-01 8.117385e-02 
2
2
0 29 9 1 0 -1
3 29 3 1 0 3
haar_x3
-1.906615e-03 0 1
2
0 24 6 6 0 -1
3 24 3 6 0 2
haar_x2
-5.475339e-03 -1 -2
-6.134753e-01 6.119373e-01 -9.691891e-02 
2
2
14 26 8 2 0 -1
16 26 4 2 0 2
haar_x4
1.810594e-04 1 0
2
18 29 10 1 0 -1
18 29 5 1 0 2
haar_x2
-3.545893e-05 -1 -2
-4.874350e-01 2.321510e-01 -5.365664e-01 
2
2
8 23 11 3 0 -1
8 24 11 1 0 3
haar_y3
-4.127172e-03 0 1
2
3 2 23 3 0 -1
3 3 23 1 0 3
haar_y3
-1.441754e-02 -1 -2
5.559006e-01 7.194456e-01 -2.423581e-01 
2
2
7 2 16 4 0 -1
7 3 16 2 0 2
haar_y4
1.159309e-02 1 0
2
5 11 25 2 0 -1
5 12 25 1 0 2
haar_y2
-2.937768e-03 -1 -2
7.265166e-01 3.718014e-01 -1.737432e-01 
-1.035910e+00

6
-1
