19
2
2
3 12 6 12 0 -1
3 18 6 6 0 2
haar_y2
2.281761e-02 1 0
2
1 15 27 9 0 -1
1 18 27 3 0 3
haar_y3
-6.373558e-02 -1 -2
3.940968e-01 1.234642e-01 -5.272762e-01 
2
2
1 2 30 8 0 -1
11 2 10 8 0 3
haar_x3
3.507802e-02 1 0
2
26 11 6 4 0 -1
28 11 2 4 0 3
haar_x3
-3.866393e-03 -1 -2
2.712457e-01 2.151954e-01 -1.215045e-01 
2
2
11 21 6 3 0 -1
13 21 2 3 0 3
haar_x3
1.119623e-03 1 0
2
11 21 6 3 0 -1
13 21 2 3 0 3
haar_x3
-1.650119e-03 -1 -2
-7.360960e-01 -6.389377e-01 1.749664e-01 
2
3
30 6 2 10 0 -1
31 6 1 5 0 2
30 11 1 5 0 2
haar_x2_y2
-1.694954e-03 0 1
3
27 7 4 10 0 -1
29 7 2 5 0 2
27 12 2 5 0 2
haar_x2_y2
-2.290086e-03 -1 -2
3.211209e-01 2.927687e-01 -1.971132e-01 
2
3
0 6 2 10 0 -1
0 6 1 5 0 2
1 11 1 5 0 2
haar_x2_y2
-1.224631e-03 0 1
3
2 7 2 8 0 -1
2 7 1 4 0 2
3 11 1 4 0 2
haar_x2_y2
-1.106125e-03 -1 -2
2.757251e-01 1.881379e-01 -4.512587e-01 
2
2
30 19 2 5 0 -1
30 19 1 5 0 2
haar_x2
5.957620e-04 1 0
2
27 21 4 3 0 -1
27 21 2 3 0 2
haar_x2
7.709567e-04 -1 -2
-5.316215e-01 1.222786e-01 -5.232276e-01 
2
2
0 19 2 5 0 -1
1 19 1 5 0 2
haar_x2
1.141148e-03 1 0
2
12 0 6 4 0 -1
12 2 6 2 0 2
haar_y2
2.840421e-03 -1 -2
-7.258348e-01 -7.413576e-02 4.234686e-01 
2
2
13 2 7 3 0 -1
13 3 7 1 0 3
haar_y3
-4.577992e-03 0 1
2
11 1 10 3 0 -1
11 2 10 1 0 3
haar_y3
-4.389450e-03 -1 -2
4.717678e-01 3.419355e-01 -1.092888e-01 
2
2
3 6 19 15 0 -1
3 11 19 5 0 3
haar_y3
1.102532e-01 1 0
2
1 10 27 10 0 -1
1 15 27 5 0 2
haar_y2
1.846319e-01 -1 -2
3.011943e-01 -3.726283e-01 2.988898e-01 
2
2
8 6 16 10 0 -1
8 11 16 5 0 2
haar_y2
-6.097723e-02 0 1
3
24 5 8 8 0 -1
28 5 4 4 0 2
24 9 4 4 0 2
haar_x2_y2
-1.310128e-02 -1 -2
2.982871e-01 2.891133e-01 -7.774990e-02 
2
2
1 4 9 5 0 -1
4 4 3 5 0 3
haar_x3
-4.963008e-03 0 1
3
0 8 2 2 0 -1
0 8 1 1 0 2
1 9 1 1 0 2
haar_x2_y2
2.001846e-04 -1 -2
1.993558e-01 -4.463217e-01 1.429420e-01 
2
2
25 23 2 1 0 -1
25 23 1 1 0 2
haar_x2
1.432733e-04 1 0
2
29 7 3 4 0 -1
30 7 1 4 0 3
haar_x3
-1.270892e-03 -1 -2
-4.680007e-01 1.926322e-01 -7.466923e-02 
2
2
5 23 2 1 0 -1
6 23 1 1 0 2
haar_x2
1.084930e-04 1 0
2
0 7 3 4 0 -1
1 7 1 4 0 3
haar_x3
-5.812771e-04 -1 -2
-4.242788e-01 4.648381e-01 3.551385e-03 
2
2
1 16 30 7 0 -1
11 16 10 7 0 3
haar_x3
1.213842e-02 0 1
2
3 14 29 10 0 -1
3 19 29 5 0 2
haar_y2
2.333532e-01 -1 -2
1.172964e-01 -6.214231e-02 3.700223e-01 
2
2
10 15 6 2 0 -1
10 16 6 1 0 2
haar_y2
-1.358322e-03 0 1
2
9 15 13 3 0 -1
9 16 13 1 0 3
haar_y3
5.336958e-03 -1 -2
1.920200e-01 -4.431886e-01 1.383915e-01 
2
2
15 20 3 4 0 -1
16 20 1 4 0 3
haar_x3
-9.560766e-04 1 0
3
28 6 2 4 0 -1
29 6 1 2 0 2
28 8 1 2 0 2
haar_x2_y2
-4.421039e-04 -1 -2
6.184322e-02 1.935387e-01 -9.219309e-02 
2
2
14 20 3 4 0 -1
15 20 1 4 0 3
haar_x3
6.944487e-04 1 0
3
2 6 2 4 0 -1
2 6 1 2 0 2
3 8 1 2 0 2
haar_x2_y2
-5.696459e-04 -1 -2
-6.076192e-01 3.701844e-01 -1.307484e-01 
2
2
27 21 4 3 0 -1
27 21 2 3 0 2
haar_x2
2.341276e-03 1 0
3
28 7 2 2 0 -1
29 7 1 1 0 2
28 8 1 1 0 2
haar_x2_y2
-1.725887e-04 -1 -2
-3.451546e-01 2.279654e-01 -1.043227e-01 
2
2
2 21 2 3 0 -1
3 21 1 3 0 2
haar_x2
1.952164e-04 1 0
2
4 2 24 3 0 -1
12 2 8 3 0 3
haar_x3
5.882402e-03 -1 -2
-3.874879e-01 -1.011807e-01 3.624980e-01 
-1.485355e+00

1
-1
