3
2
2
4 21 21 9 0 -1
4 24 21 3 0 3
haar_y3
-5.408541e-02 1 0
2
1 27 28 3 0 -1
8 27 14 3 0 2
haar_x4
5.494480e-03 -1 -2
-7.942392e-01 8.781294e-01 -9.031332e-01 
2
2
4 10 22 18 0 -1
4 19 22 9 0 2
haar_y2
-1.266757e-01 1 0
2
2 18 27 12 0 -1
2 21 27 6 0 2
haar_y4
-7.370323e-02 -1 -2
-7.281336e-01 7.569719e-01 -6.169964e-01 
2
2
0 26 30 2 0 -1
10 26 10 2 0 3
haar_x3
-7.804557e-03 1 0
2
14 27 2 2 0 -1
15 27 1 2 0 2
haar_x2
-2.334335e-04 -1 -2
-6.625698e-01 -9.413811e-01 7.056887e-01 
-2.073805e+00

-1
-1
