28
2
2
7 6 18 18 0 -1
7 12 18 6 0 3
haar_y3
-2.054587e-01 0 1
2
3 4 19 15 0 -1
3 9 19 5 0 3
haar_y3
-2.948645e-01 -1 -2
3.676593e-01 4.474561e-01 -2.708596e-01 
2
3
22 2 10 22 0 -1
27 2 5 11 0 2
22 13 5 11 0 2
haar_x2_y2
-1.856800e-02 0 1
3
30 5 2 10 0 -1
31 5 1 5 0 2
30 10 1 5 0 2
haar_x2_y2
-1.302189e-03 -1 -2
2.475783e-01 2.092254e-01 -8.852725e-02 
2
2
0 0 1 22 0 -1
0 11 1 11 0 2
haar_y2
3.901026e-03 0 1
2
8 20 15 2 0 -1
13 20 5 2 0 3
haar_x3
2.437664e-03 -1 -2
-3.487346e-01 2.155596e-01 -5.130165e-01 
2
2
26 12 6 12 0 -1
26 12 3 12 0 2
haar_x2
-4.708366e-03 1 0
2
16 21 9 3 0 -1
19 21 3 3 0 3
haar_x3
1.651872e-03 -1 -2
-2.921069e-01 1.196757e-01 -5.057838e-01 
2
2
2 15 28 9 0 -1
2 18 28 3 0 3
haar_y3
-9.781823e-02 0 1
2
3 22 2 2 0 -1
4 22 1 2 0 2
haar_x2
1.208260e-04 -1 -2
5.640467e-01 1.738196e-01 -4.269648e-01 
2
2
29 11 3 3 0 -1
30 11 1 3 0 3
haar_x3
6.105386e-04 0 1
2
25 9 6 6 0 -1
27 9 2 6 0 3
haar_x3
-3.019228e-03 -1 -2
-7.689416e-02 1.884404e-01 -1.064212e-01 
2
2
0 11 3 3 0 -1
1 11 1 3 0 3
haar_x3
-8.710002e-04 0 1
2
1 9 6 6 0 -1
3 9 2 6 0 3
haar_x3
-4.604351e-03 -1 -2
4.025124e-01 2.629031e-01 -2.922062e-01 
2
2
17 20 9 4 0 -1
20 20 3 4 0 3
haar_x3
1.992683e-03 1 0
2
6 0 21 6 0 -1
6 3 21 3 0 2
haar_y2
9.851608e-03 -1 -2
-2.783087e-01 -2.244404e-01 1.902323e-01 
2
2
6 20 9 4 0 -1
9 20 3 4 0 3
haar_x3
4.759548e-03 1 0
2
6 13 4 2 0 -1
6 14 4 1 0 2
haar_y2
-7.328652e-04 -1 -2
-5.381313e-01 3.799878e-01 -3.824450e-02 
2
2
17 13 10 3 0 -1
17 14 10 1 0 3
haar_y3
3.871126e-03 1 0
2
10 1 12 3 0 -1
10 2 12 1 0 3
haar_y3
6.620327e-03 -1 -2
2.147805e-01 -1.171172e-01 3.515632e-01 
2
2
10 20 6 4 0 -1
12 20 2 4 0 3
haar_x3
1.120524e-03 1 0
2
0 12 8 10 0 -1
4 12 4 10 0 2
haar_x2
-6.206522e-03 -1 -2
-4.940401e-01 2.561628e-01 -1.784094e-01 
2
3
27 8 2 2 0 -1
28 8 1 1 0 2
27 9 1 1 0 2
haar_x2_y2
3.882264e-04 1 0
3
10 13 18 2 0 -1
19 13 9 1 0 2
10 14 9 1 0 2
haar_x2_y2
4.046312e-03 -1 -2
3.264564e-01 -7.347741e-02 2.553640e-01 
2
2
10 23 12 1 0 -1
14 23 4 1 0 3
haar_x3
4.154273e-04 1 0
3
2 8 2 2 0 -1
2 8 1 1 0 2
3 9 1 1 0 2
haar_x2_y2
3.079105e-04 -1 -2
-4.010915e-01 -7.486714e-02 4.630176e-01 
2
2
29 22 2 2 0 -1
29 22 1 2 0 2
haar_x2
3.510235e-04 1 0
2
4 0 27 15 0 -1
13 0 9 15 0 3
haar_x3
5.635625e-02 -1 -2
-4.541803e-01 -1.058425e-01 1.569055e-01 
2
2
1 22 2 2 0 -1
2 22 1 2 0 2
haar_x2
2.855700e-04 1 0
2
2 7 16 4 0 -1
2 9 16 2 0 2
haar_y2
-1.286210e-02 -1 -2
-5.137323e-01 3.917398e-01 -2.584541e-02 
2
2
10 6 15 3 0 -1
10 7 15 1 0 3
haar_y3
-6.124096e-03 0 1
2
15 7 2 3 0 -1
15 8 2 1 0 3
haar_y3
-8.137237e-04 -1 -2
3.260244e-01 2.325441e-01 -1.067799e-01 
2
2
7 14 18 3 0 -1
7 15 18 1 0 3
haar_y3
1.348632e-02 1 0
2
3 16 18 3 0 -1
3 17 18 1 0 3
haar_y3
8.477524e-03 -1 -2
3.673779e-01 -3.106768e-01 2.046228e-01 
2
3
30 8 2 2 0 -1
31 8 1 1 0 2
30 9 1 1 0 2
haar_x2_y2
2.994323e-04 1 0
3
24 8 6 2 0 -1
27 8 3 1 0 2
24 9 3 1 0 2
haar_x2_y2
8.033786e-04 -1 -2
1.989581e-01 -1.004642e-01 2.249371e-01 
2
3
0 8 2 2 0 -1
0 8 1 1 0 2
1 9 1 1 0 2
haar_x2_y2
4.251638e-04 1 0
3
2 8 6 2 0 -1
2 8 3 1 0 2
5 9 3 1 0 2
haar_x2_y2
4.443135e-04 -1 -2
2.975463e-01 -3.373193e-01 1.147357e-01 
2
2
19 23 3 1 0 -1
20 23 1 1 0 3
haar_x3
1.390232e-04 0 1
2
8 0 21 15 0 -1
15 0 7 15 0 3
haar_x3
2.031679e-01 -1 -2
7.707568e-02 1.763528e-02 -5.761523e-01 
2
2
11 16 10 8 0 -1
11 20 10 4 0 2
haar_y2
4.554252e-02 1 0
2
5 18 14 6 0 -1
5 20 14 2 0 3
haar_y3
-5.732973e-03 -1 -2
2.483366e-01 2.559686e-02 -3.908030e-01 
2
2
5 0 27 15 0 -1
14 0 9 15 0 3
haar_x3
-4.971176e-02 1 0
2
5 5 23 18 0 -1
5 14 23 9 0 2
haar_y2
3.910994e-01 -1 -2
-6.060724e-02 -4.268316e-02 4.265549e-01 
2
2
0 0 27 15 0 -1
9 0 9 15 0 3
haar_x3
6.109200e-02 1 0
2
0 23 3 1 0 -1
1 23 1 1 0 3
haar_x3
2.041523e-04 -1 -2
3.107564e-01 -1.574466e-02 -6.596543e-01 
2
2
19 23 3 1 0 -1
20 23 1 1 0 3
haar_x3
-1.994685e-04 0 1
3
21 10 6 2 0 -1
24 10 3 1 0 2
21 11 3 1 0 2
haar_x2_y2
9.837747e-04 -1 -2
-3.403632e-01 -5.848300e-02 1.037084e-01 
2
2
10 23 3 1 0 -1
11 23 1 1 0 3
haar_x3
-1.545002e-04 0 1
3
5 10 6 2 0 -1
5 10 3 1 0 2
8 11 3 1 0 2
haar_x2_y2
7.245623e-04 -1 -2
-3.687647e-01 -1.207781e-02 4.074879e-01 
2
2
1 14 30 10 0 -1
11 14 10 10 0 3
haar_x3
9.586331e-03 0 1
2
15 14 9 10 0 -1
15 19 9 5 0 2
haar_y2
1.669419e-02 -1 -2
1.138445e-01 -5.475315e-02 6.487256e-02 
2
2
5 13 11 3 0 -1
5 14 11 1 0 3
haar_y3
8.578512e-03 1 0
2
1 4 29 3 0 -1
1 5 29 1 0 3
haar_y3
-1.085048e-02 -1 -2
2.985434e-01 2.088943e-01 -2.807364e-01 
2
2
2 13 28 3 0 -1
2 14 28 1 0 3
haar_y3
-8.449148e-03 0 1
3
25 6 2 2 0 -1
26 6 1 1 0 2
25 7 1 1 0 2
haar_x2_y2
4.574354e-04 -1 -2
2.624336e-01 -7.120235e-02 3.412562e-01 
-1.131638e+00

3
-1
