39
2
2
15 0 1 6 0 -1
15 3 1 3 0 2
haar_y2
1.209004e-03 0 1
2
7 21 9 3 0 -1
10 21 3 3 0 3
haar_x3
1.586518e-03 -1 -2
-1.966821e-01 3.758194e-01 -4.464996e-01 
2
2
17 16 2 8 0 -1
17 20 2 4 0 2
haar_y2
4.090027e-03 1 0
2
21 0 3 2 0 -1
22 0 1 2 0 3
haar_x3
-4.145093e-04 -1 -2
2.614463e-01 2.472439e-01 -5.594001e-02 
2
2
8 0 3 2 0 -1
9 0 1 2 0 3
haar_x3
-3.134549e-04 0 1
2
5 3 18 3 0 -1
5 4 18 1 0 3
haar_y3
-5.573671e-03 -1 -2
2.521783e-01 2.057132e-01 -3.866452e-01 
2
2
25 17 6 4 0 -1
25 17 3 4 0 2
haar_x2
-7.081715e-03 0 1
2
3 7 26 12 0 -1
3 11 26 4 0 3
haar_y3
-1.777224e-01 -1 -2
3.358468e-01 2.586628e-01 -1.062539e-01 
2
2
6 5 14 15 0 -1
6 10 14 5 0 3
haar_y3
7.281306e-02 1 0
2
0 10 6 9 0 -1
2 10 2 9 0 3
haar_x3
-5.308800e-03 -1 -2
3.836738e-01 1.727118e-01 -3.465152e-01 
2
2
21 12 9 7 0 -1
24 12 3 7 0 3
haar_x3
-8.139510e-03 0 1
2
20 10 10 8 0 -1
20 14 10 4 0 2
haar_y2
4.625799e-02 -1 -2
1.886929e-01 -8.338716e-02 3.401537e-01 
2
2
2 12 9 7 0 -1
5 12 3 7 0 3
haar_x3
-7.674220e-03 0 1
3
0 8 2 2 0 -1
0 8 1 1 0 2
1 9 1 1 0 2
haar_x2_y2
-3.950885e-04 -1 -2
4.040948e-01 3.436422e-01 -3.203832e-01 
2
3
28 4 4 18 0 -1
30 4 2 9 0 2
28 13 2 9 0 2
haar_x2_y2
-4.521138e-03 0 1
2
27 10 5 14 0 -1
27 17 5 7 0 2
haar_y2
1.210118e-02 -1 -2
1.998357e-01 -1.895383e-01 1.308248e-01 
2
3
0 4 4 18 0 -1
0 4 2 9 0 2
2 13 2 9 0 2
haar_x2_y2
-1.255193e-02 0 1
2
10 0 3 5 0 -1
11 0 1 5 0 3
haar_x3
-1.036875e-03 -1 -2
3.653774e-01 2.355704e-01 -3.449576e-01 
2
3
4 3 24 8 0 -1
16 3 12 4 0 2
4 7 12 4 0 2
haar_x2_y2
-2.486052e-02 1 0
2
15 16 3 4 0 -1
16 16 1 4 0 3
haar_x3
1.452070e-03 -1 -2
-1.185045e-01 6.810483e-02 -4.755632e-01 
2
2
15 9 2 3 0 -1
16 9 1 3 0 2
haar_x2
-8.424508e-04 0 1
2
9 10 6 2 0 -1
12 10 3 2 0 2
haar_x2
-1.811446e-03 -1 -2
-3.504159e-01 -1.621613e-01 3.573517e-01 
2
2
25 9 4 3 0 -1
25 9 2 3 0 2
haar_x2
-5.269273e-03 1 0
3
23 10 6 2 0 -1
26 10 3 1 0 2
23 11 3 1 0 2
haar_x2_y2
2.600601e-03 -1 -2
-4.560371e-02 -5.553903e-02 4.111223e-01 
2
2
3 9 4 3 0 -1
5 9 2 3 0 2
haar_x2
6.458497e-05 1 0
3
3 10 6 2 0 -1
3 10 3 1 0 2
6 11 3 1 0 2
haar_x2_y2
-2.266805e-03 -1 -2
2.699937e-01 8.433493e-01 -2.965584e-01 
2
2
9 12 14 12 0 -1
9 16 14 4 0 3
haar_y3
-1.654164e-01 0 1
2
11 11 14 11 0 -1
11 11 7 11 0 2
haar_x2
4.043817e-02 -1 -2
7.136677e-01 3.589830e-02 -2.780616e-01 
2
2
13 0 6 19 0 -1
15 0 2 19 0 3
haar_x3
8.291826e-03 1 0
3
1 17 22 2 0 -1
1 17 11 1 0 2
12 18 11 1 0 2
haar_x2_y2
9.951190e-03 -1 -2
3.687084e-01 -2.483542e-01 7.032961e-01 
2
2
9 1 18 2 0 -1
15 1 6 2 0 3
haar_x3
3.167441e-03 1 0
2
16 17 2 1 0 -1
16 17 1 1 0 2
haar_x2
5.063033e-04 -1 -2
9.733805e-02 4.478050e-02 -4.195215e-01 
2
2
5 1 18 2 0 -1
11 1 6 2 0 3
haar_x3
2.509432e-02 1 0
3
13 5 4 4 0 -1
13 5 2 2 0 2
15 7 2 2 0 2
haar_x2_y2
5.436089e-04 -1 -2
-5.415355e-01 -1.075334e-01 3.864294e-01 
2
2
15 17 3 1 0 -1
16 17 1 1 0 3
haar_x3
8.192157e-04 0 1
2
27 10 3 2 0 -1
27 11 3 1 0 2
haar_y2
7.606854e-03 -1 -2
3.333640e-02 6.261246e-03 -5.165705e-01 
2
2
14 17 3 1 0 -1
15 17 1 1 0 3
haar_x3
-3.448353e-05 0 1
2
2 10 3 2 0 -1
2 11 3 1 0 2
haar_y2
-7.055189e-04 -1 -2
-2.845817e-01 5.440724e-01 -9.146570e-02 
2
3
24 5 2 2 0 -1
25 5 1 1 0 2
24 6 1 1 0 2
haar_x2_y2
-9.058036e-04 0 1
2
9 4 14 4 0 -1
9 4 7 4 0 2
haar_x2
2.268172e-02 -1 -2
4.782286e-01 -6.388262e-02 4.735420e-01 
2
3
3 21 2 2 0 -1
3 21 1 1 0 2
4 22 1 1 0 2
haar_x2_y2
1.841875e-05 0 1
3
5 0 6 20 0 -1
5 0 3 10 0 2
8 10 3 10 0 2
haar_x2_y2
5.629439e-03 -1 -2
-2.210960e-01 8.331694e-02 9.745128e-01 
2
2
15 20 2 1 0 -1
15 20 1 1 0 2
haar_x2
8.815134e-05 0 1
3
0 4 32 10 0 -1
16 4 16 5 0 2
0 9 16 5 0 2
haar_x2_y2
-1.113149e-01 -1 -2
1.429934e-01 -4.445977e-01 5.911143e-02 
2
3
6 5 2 2 0 -1
6 5 1 1 0 2
7 6 1 1 0 2
haar_x2_y2
-1.386949e-04 1 0
2
2 18 3 4 0 -1
3 18 1 4 0 3
haar_x3
1.539821e-04 -1 -2
-2.517374e-01 5.115380e-01 -2.564409e-01 
2
2
31 2 1 12 0 -1
31 8 1 6 0 2
haar_y2
3.222449e-03 0 1
2
23 22 3 1 0 -1
24 22 1 1 0 3
haar_x3
2.613575e-03 -1 -2
-1.073850e-01 2.177172e-02 -7.922457e-01 
2
2
13 8 3 1 0 -1
14 8 1 1 0 3
haar_x3
1.634164e-03 1 0
2
10 0 6 9 0 -1
10 3 6 3 0 3
haar_y3
2.803912e-02 -1 -2
-7.423348e-01 3.401314e-02 6.541268e-01 
2
3
21 10 2 2 0 -1
22 10 1 1 0 2
21 11 1 1 0 2
haar_x2_y2
1.414157e-03 1 0
2
29 8 2 4 0 -1
29 10 2 2 0 2
haar_y2
-2.349698e-03 -1 -2
-6.104261e-01 2.747432e-01 -1.022173e-01 
2
2
0 2 1 12 0 -1
0 8 1 6 0 2
haar_y2
9.557011e-04 0 1
2
6 22 3 1 0 -1
7 22 1 1 0 3
haar_x3
-1.329738e-04 -1 -2
-1.757784e-01 -4.896636e-01 4.515373e-01 
2
3
22 4 2 2 0 -1
23 4 1 1 0 2
22 5 1 1 0 2
haar_x2_y2
3.909770e-04 1 0
2
25 4 4 11 0 -1
25 4 2 11 0 2
haar_x2
-3.065096e-03 -1 -2
4.817469e-01 2.680044e-01 -1.274117e-01 
2
3
8 4 2 2 0 -1
8 4 1 1 0 2
9 5 1 1 0 2
haar_x2_y2
2.400276e-04 1 0
2
3 4 4 11 0 -1
5 4 2 11 0 2
haar_x2
-3.612116e-03 -1 -2
3.070903e-01 2.985741e-01 -3.717205e-01 
2
2
25 8 4 8 0 -1
25 8 2 8 0 2
haar_x2
2.280792e-03 1 0
2
24 0 3 2 0 -1
24 1 3 1 0 2
haar_y2
-5.707117e-03 -1 -2
1.411235e-01 -7.796519e-01 1.377574e-02 
2
2
9 2 8 18 0 -1
9 8 8 6 0 3
haar_y3
5.864365e-02 0 1
2
9 0 9 21 0 -1
9 7 9 7 0 3
haar_y3
1.575787e-01 -1 -2
-1.881609e-01 9.333154e-01 -2.133311e-01 
2
2
16 3 2 7 0 -1
16 3 1 7 0 2
haar_x2
-2.072734e-03 0 1
2
15 0 3 1 0 -1
16 0 1 1 0 3
haar_x3
1.929842e-04 -1 -2
-2.801065e-01 -6.195076e-02 2.123113e-01 
2
2
3 7 15 16 0 -1
8 7 5 16 0 3
haar_x3
-6.591614e-02 0 1
2
4 5 3 1 0 -1
5 5 1 1 0 3
haar_x3
1.243384e-04 -1 -2
-6.534557e-01 -5.587660e-02 4.213808e-01 
2
2
21 12 4 6 0 -1
21 12 2 6 0 2
haar_x2
-2.036302e-03 0 1
2
20 9 4 5 0 -1
20 9 2 5 0 2
haar_x2
2.478559e-03 -1 -2
2.720983e-01 6.378231e-02 -1.816208e-01 
2
2
7 12 4 6 0 -1
9 12 2 6 0 2
haar_x2
-4.651867e-03 1 0
2
14 14 3 1 0 -1
15 14 1 1 0 3
haar_x3
-1.392573e-03 -1 -2
-1.619691e-01 -8.799006e-01 7.586681e-01 
2
2
16 3 2 7 0 -1
16 3 1 7 0 2
haar_x2
-1.252061e-04 0 1
2
15 1 3 4 0 -1
16 1 1 4 0 3
haar_x3
6.750512e-03 -1 -2
1.106201e-01 -2.012135e-03 9.999959e-01 
2
2
14 3 2 7 0 -1
15 3 1 7 0 2
haar_x2
-2.667271e-03 0 1
2
14 1 3 4 0 -1
15 1 1 4 0 3
haar_x3
-8.210787e-04 -1 -2
-6.119375e-01 5.405354e-01 -9.410474e-02 
2
2
25 1 3 1 0 -1
26 1 1 1 0 3
haar_x3
-2.012794e-03 0 1
2
21 12 9 11 0 -1
24 12 3 11 0 3
haar_x3
-1.057217e-02 -1 -2
-5.645629e-01 2.633603e-01 -1.019025e-01 
2
2
8 0 6 3 0 -1
11 0 3 3 0 2
haar_x2
3.759751e-03 1 0
2
2 5 26 3 0 -1
2 6 26 1 0 3
haar_y3
-5.366947e-03 -1 -2
3.978032e-01 3.062043e-01 -2.819513e-01 
-1.095685e+00

10
-1
