3
2
2
4 21 22 9 0 -1
4 24 22 3 0 3
haar_y3
-5.585025e-02 1 0
2
0 26 30 4 0 -1
10 26 10 4 0 3
haar_x3
2.787667e-03 -1 -2
-8.018863e-01 8.992338e-01 -7.618582e-01 
2
2
3 10 25 18 0 -1
3 19 25 9 0 2
haar_y2
-1.649916e-01 1 0
2
28 24 2 4 0 -1
28 24 1 4 0 2
tilted_haar_y2
-3.249645e-04 -1 -2
-6.865350e-01 4.085748e-01 -7.786973e-01 
2
2
2 18 26 12 0 -1
2 21 26 6 0 2
haar_y4
-7.222635e-02 0 1
2
1 1 28 2 0 -1
8 1 14 2 0 2
haar_x4
1.601113e-02 -1 -2
7.872857e-01 -7.462613e-01 3.576559e-01 
-1.222928e+00

-1
-1
