5
2
2
2 21 26 9 0 -1
2 24 26 3 0 3
haar_y3
-7.539862e-02 1 0
2
0 25 30 5 0 -1
10 25 10 5 0 3
haar_x3
-5.166568e-03 -1 -2
-7.265277e-01 7.975149e-01 -7.354071e-01 
2
2
8 10 20 18 0 -1
8 19 20 9 0 2
haar_y2
-1.043536e-01 1 0
2
25 27 2 1 0 -1
25 27 1 1 0 2
tilted_haar_y2
-2.084116e-05 -1 -2
-7.082601e-01 3.156474e-01 -6.641417e-01 
2
2
0 23 6 5 0 -1
3 23 3 5 0 2
haar_x2
-2.772823e-03 1 0
2
10 26 6 4 0 -1
12 26 2 4 0 3
haar_x3
1.226218e-03 -1 -2
-4.347457e-01 7.015275e-01 -9.100728e-01 
2
2
14 26 6 4 0 -1
16 26 2 4 0 3
haar_x3
1.893946e-03 0 1
2
8 27 21 3 0 -1
15 27 7 3 0 3
haar_x3
3.846147e-03 -1 -2
2.098416e-01 2.684626e-01 -8.461869e-01 
2
2
1 27 15 3 0 -1
6 27 5 3 0 3
haar_x3
1.321959e-03 1 0
2
13 27 4 3 0 -1
14 27 2 3 0 2
haar_x4
5.130706e-04 -1 -2
-7.929763e-01 3.605137e-01 -9.828900e-01 
-1.428761e+00

0
-1
