9
2
2
12 23 2 6 0 -1
12 25 2 2 0 3
haar_y3
-3.381005e-03 1 0
2
0 27 30 3 0 -1
15 27 15 3 0 2
haar_x2
-1.487349e-02 -1 -2
-4.431315e-01 -5.027619e-01 5.209962e-01 
2
2
0 15 30 10 0 -1
0 20 30 5 0 2
haar_y2
-9.537520e-02 1 0
2
14 27 2 1 0 -1
14 27 1 1 0 2
haar_x2
-1.059797e-04 -1 -2
-4.394113e-01 -6.489350e-01 1.321070e-01 
2
2
0 24 6 6 0 -1
3 24 3 6 0 2
haar_x2
-4.764485e-03 1 0
2
12 28 6 2 0 -1
14 28 2 2 0 3
haar_x3
-1.063149e-03 -1 -2
-2.552345e-01 -6.956714e-01 5.715355e-01 
2
2
17 22 5 3 0 -1
17 23 5 1 0 3
haar_y3
-2.015197e-03 0 1
2
10 16 10 3 0 -1
10 17 10 1 0 3
haar_y3
8.626565e-03 -1 -2
3.560527e-01 -1.224394e-01 7.331625e-01 
2
2
9 2 7 12 0 -1
9 6 7 4 0 3
haar_y3
-1.756503e-02 0 1
2
6 6 18 12 0 -1
6 12 18 6 0 2
haar_y2
-7.015535e-02 -1 -2
3.157097e-01 2.817462e-01 -5.730066e-01 
2
2
11 27 12 2 0 -1
15 27 4 2 0 3
haar_x3
4.001629e-04 1 0
2
17 27 4 2 0 -1
17 28 4 1 0 2
haar_y2
6.065855e-04 -1 -2
-5.072638e-01 -4.177435e-01 1.459315e-01 
2
2
9 26 8 4 0 -1
11 26 4 4 0 2
haar_x4
3.514142e-04 1 0
3
13 28 4 2 0 -1
13 28 2 1 0 2
15 29 2 1 0 2
haar_x2_y2
4.786760e-04 -1 -2
-5.160457e-01 3.855056e-01 -8.905527e-01 
2
2
2 11 28 16 0 -1
2 19 28 8 0 2
haar_y2
-1.542961e-01 1 0
2
5 15 23 4 0 -1
5 16 23 2 0 2
haar_y4
-9.748064e-03 -1 -2
-4.343155e-01 3.864347e-01 -1.495841e-01 
2
3
8 27 2 2 0 -1
8 27 1 1 0 2
9 28 1 1 0 2
haar_x2_y2
-9.956936e-05 0 1
2
9 14 12 14 0 -1
12 14 6 14 0 2
haar_x4
3.582554e-03 -1 -2
-5.116709e-01 1.578504e-02 6.409974e-01 
-1.051387e+00

7
-1
