6
2
2
2 21 24 9 0 -1
2 24 24 3 0 3
haar_y3
-9.624539e-02 1 0
2
15 26 2 2 0 -1
15 26 1 2 0 2
tilted_haar_x2
-2.743228e-04 -1 -2
-5.677179e-01 6.897278e-01 -9.569996e-01 
2
2
5 12 21 16 0 -1
5 20 21 8 0 2
haar_y2
-1.765810e-01 0 1
2
1 0 28 28 0 -1
1 14 28 14 0 2
haar_y2
-1.348351e-02 -1 -2
4.822770e-01 1.722807e-01 -6.609722e-01 
2
2
0 24 6 4 0 -1
3 24 3 4 0 2
haar_x2
-2.577614e-03 1 0
2
10 26 6 4 0 -1
12 26 2 4 0 3
haar_x3
-1.620123e-03 -1 -2
-6.624609e-01 -9.109793e-01 3.777202e-01 
2
2
13 26 4 3 0 -1
14 26 2 3 0 2
haar_x4
-4.917209e-04 0 1
2
12 26 6 3 0 -1
14 26 2 3 0 3
haar_x3
-1.262988e-03 -1 -2
-9.071459e-01 -8.886529e-01 1.017630e-01 
2
2
12 26 6 3 0 -1
14 26 2 3 0 3
haar_x3
8.996969e-04 1 0
2
13 27 1 2 0 -1
13 27 1 1 0 2
tilted_haar_y2
-6.995109e-05 -1 -2
-9.051278e-01 3.633433e-01 -5.215190e-01 
2
2
0 27 30 3 0 -1
0 27 15 3 0 2
haar_x2
1.701383e-02 0 1
2
5 24 20 6 0 -1
5 24 10 6 0 2
haar_x2
-2.690861e-02 -1 -2
1.334111e-01 -7.643368e-01 4.477338e-02 
-1.344243e+00

2
-1
