22
2
2
0 15 8 7 0 -1
4 15 4 7 0 2
haar_x2
-1.270200e-02 0 1
2
10 4 11 15 0 -1
10 9 11 5 0 3
haar_y3
-1.323296e-01 -1 -2
5.930835e-01 5.461462e-01 -3.268894e-01 
2
3
19 8 6 10 0 -1
22 8 3 5 0 2
19 13 3 5 0 2
haar_x2_y2
5.097296e-03 0 1
3
8 4 18 8 0 -1
17 4 9 4 0 2
8 8 9 4 0 2
haar_x2_y2
3.882882e-02 -1 -2
1.333666e-01 -4.639760e-02 6.881124e-01 
2
3
7 8 6 10 0 -1
7 8 3 5 0 2
10 13 3 5 0 2
haar_x2_y2
-2.569922e-03 0 1
3
0 3 26 2 0 -1
0 3 13 1 0 2
13 4 13 1 0 2
haar_x2_y2
5.821228e-03 -1 -2
3.844093e-01 -4.244697e-01 5.255203e-01 
2
2
24 2 3 21 0 -1
25 2 1 21 0 3
haar_x3
1.002918e-03 0 1
3
22 6 2 16 0 -1
23 6 1 8 0 2
22 14 1 8 0 2
haar_x2_y2
-4.610594e-03 -1 -2
-9.317807e-02 7.139444e-01 -4.979544e-03 
2
2
5 2 3 21 0 -1
6 2 1 21 0 3
haar_x3
-2.260969e-03 0 1
3
8 6 2 16 0 -1
8 6 1 8 0 2
9 14 1 8 0 2
haar_x2_y2
2.024297e-03 -1 -2
6.650990e-01 -1.676469e-01 1.000026e+00 
2
2
19 23 3 1 0 -1
20 23 1 1 0 3
haar_x3
-1.635446e-04 1 0
2
13 7 6 10 0 -1
13 7 3 10 0 2
haar_x2
-9.343273e-04 -1 -2
1.101982e-01 -1.557527e-01 2.036402e-01 
2
2
3 12 3 6 0 -1
4 12 1 6 0 3
haar_x3
-3.430782e-03 0 1
3
3 6 2 6 0 -1
3 6 1 3 0 2
4 9 1 3 0 2
haar_x2_y2
2.073475e-03 -1 -2
1.000000e+00 -2.689332e-01 7.605011e-01 
2
2
15 9 2 3 0 -1
15 9 1 3 0 2
haar_x2
8.401818e-04 0 1
3
27 3 4 4 0 -1
29 3 2 2 0 2
27 5 2 2 0 2
haar_x2_y2
-3.609034e-03 -1 -2
1.810666e-01 -3.748461e-01 8.233451e-02 
2
2
5 9 22 3 0 -1
5 10 22 1 0 3
haar_y3
5.303952e-03 1 0
2
13 1 4 9 0 -1
13 4 4 3 0 3
haar_y3
8.790147e-03 -1 -2
4.287019e-01 -4.806818e-01 2.999365e-01 
2
2
19 23 3 1 0 -1
20 23 1 1 0 3
haar_x3
-2.062838e-04 1 0
2
22 0 6 1 0 -1
24 0 2 1 0 3
haar_x3
6.920354e-03 -1 -2
8.711192e-02 4.070095e-02 -7.446265e-01 
2
2
10 23 3 1 0 -1
11 23 1 1 0 3
haar_x3
3.474696e-05 1 0
2
4 0 6 1 0 -1
6 0 2 1 0 3
haar_x3
1.400052e-04 -1 -2
-4.550448e-01 -6.767285e-02 8.759212e-01 
2
3
28 3 4 4 0 -1
30 3 2 2 0 2
28 5 2 2 0 2
haar_x2_y2
6.230772e-03 1 0
3
17 16 6 4 0 -1
20 16 3 2 0 2
17 18 3 2 0 2
haar_x2_y2
8.088084e-04 -1 -2
1.000001e+00 -8.728561e-02 3.697823e-01 
2
3
0 3 4 4 0 -1
0 3 2 2 0 2
2 5 2 2 0 2
haar_x2_y2
2.063116e-03 1 0
3
9 16 6 4 0 -1
9 16 3 2 0 2
12 18 3 2 0 2
haar_x2_y2
-1.160147e-03 -1 -2
8.479112e-01 -5.187843e-01 1.496226e-01 
2
2
17 13 12 6 0 -1
21 13 4 6 0 3
haar_x3
9.315364e-03 0 1
2
28 10 3 8 0 -1
29 10 1 8 0 3
haar_x3
-1.361195e-04 -1 -2
-9.209909e-02 1.353451e-01 -1.530581e-01 
2
2
3 13 12 6 0 -1
7 13 4 6 0 3
haar_x3
-5.317935e-03 0 1
2
1 10 3 8 0 -1
2 10 1 8 0 3
haar_x3
2.250593e-03 -1 -2
6.211516e-01 -2.798422e-01 7.590136e-01 
2
2
30 10 1 3 0 -1
30 11 1 1 0 3
haar_y3
-3.548588e-04 1 0
3
12 18 10 4 0 -1
17 18 5 2 0 2
12 20 5 2 0 2
haar_x2_y2
1.209046e-02 -1 -2
-1.157063e-01 -2.074314e-02 1.000001e+00 
2
2
1 10 1 3 0 -1
1 11 1 1 0 3
haar_y3
-2.780832e-04 1 0
2
3 1 8 2 0 -1
7 1 4 2 0 2
haar_x2
-5.816566e-03 -1 -2
-1.288295e-01 -4.501284e-01 8.743014e-01 
2
2
16 12 3 12 0 -1
16 16 3 4 0 3
haar_y3
-4.412098e-02 0 1
2
10 17 12 6 0 -1
14 17 4 6 0 3
haar_x3
1.873337e-04 -1 -2
7.429298e-01 -1.441136e-01 3.684125e-01 
2
2
5 4 3 1 0 -1
6 4 1 1 0 3
haar_x3
-2.034510e-04 0 1
2
3 13 12 2 0 -1
7 13 4 2 0 3
haar_x3
9.326223e-04 -1 -2
4.287050e-01 -4.774566e-01 4.187769e-01 
2
2
17 7 15 6 0 -1
17 9 15 2 0 3
haar_y3
-1.434115e-01 0 1
3
17 15 10 2 0 -1
22 15 5 1 0 2
17 16 5 1 0 2
haar_x2_y2
-1.276018e-02 -1 -2
-1.000000e+00 -8.835810e-01 -5.568301e-03 
2
2
7 7 11 6 0 -1
7 9 11 2 0 3
haar_y3
-1.416694e-02 0 1
3
2 20 4 4 0 -1
2 20 2 2 0 2
4 22 2 2 0 2
haar_x2_y2
5.971507e-04 -1 -2
6.224552e-01 -3.292285e-01 6.852278e-01 
2
2
16 19 6 1 0 -1
18 19 2 1 0 3
haar_x3
4.176804e-04 1 0
2
22 9 1 9 0 -1
22 12 1 3 0 3
haar_y3
4.021414e-03 -1 -2
-3.616531e-01 8.244935e-02 -3.687556e-01 
-1.316369e+00

11
-1
