49
2
2
4 2 24 6 0 -1
12 2 8 6 0 3
haar_x3
2.885260e-02 0 1
2
14 19 3 1 0 -1
15 19 1 1 0 3
haar_x3
1.294663e-04 -1 -2
-1.733764e-01 3.386442e-01 -2.968763e-01 
2
2
28 10 4 10 0 -1
28 10 2 10 0 2
haar_x2
-2.364111e-03 1 0
2
15 19 3 1 0 -1
16 19 1 1 0 3
haar_x3
6.790307e-05 -1 -2
-1.770191e-01 1.069621e-01 -1.104141e-01 
2
2
0 11 4 6 0 -1
2 11 2 6 0 2
haar_x2
-5.036722e-03 1 0
2
0 12 7 12 0 -1
0 18 7 6 0 2
haar_y2
-2.971610e-02 -1 -2
-3.818016e-02 -4.621141e-01 4.035495e-01 
2
2
20 23 3 1 0 -1
21 23 1 1 0 3
haar_x3
5.432394e-04 1 0
2
18 18 7 4 0 -1
18 20 7 2 0 2
haar_y2
-1.048645e-03 -1 -2
-6.285701e-01 1.032809e-01 -4.490577e-02 
2
2
9 23 3 1 0 -1
10 23 1 1 0 3
haar_x3
9.811658e-05 1 0
2
4 1 16 5 0 -1
12 1 8 5 0 2
haar_x2
6.491764e-02 -1 -2
-3.003539e-01 1.730005e-01 -5.293583e-01 
2
2
14 15 6 2 0 -1
14 16 6 1 0 2
haar_y2
-1.071262e-03 0 1
2
10 16 18 2 0 -1
10 17 18 1 0 2
haar_y2
-1.849227e-03 -1 -2
1.919896e-01 1.525338e-01 -8.093583e-02 
2
3
4 7 4 2 0 -1
4 7 2 1 0 2
6 8 2 1 0 2
haar_x2_y2
-1.221320e-03 0 1
3
4 8 2 2 0 -1
4 8 1 1 0 2
5 9 1 1 0 2
haar_x2_y2
1.033476e-03 -1 -2
2.924293e-01 -1.936400e-01 5.780613e-01 
2
2
20 21 3 3 0 -1
21 21 1 3 0 3
haar_x3
-3.262154e-04 0 1
2
19 0 3 5 0 -1
20 0 1 5 0 3
haar_x3
6.127016e-04 -1 -2
-2.581813e-01 -6.206923e-02 1.287418e-01 
2
2
9 21 3 3 0 -1
10 21 1 3 0 3
haar_x3
-3.004998e-04 0 1
3
0 0 24 24 0 -1
0 0 12 12 0 2
12 12 12 12 0 2
haar_x2_y2
-1.012992e-02 -1 -2
-3.473253e-01 2.604996e-01 -1.154562e-01 
2
2
16 20 6 3 0 -1
16 21 6 1 0 3
haar_y3
-4.533826e-04 1 0
2
14 20 4 1 0 -1
14 20 2 1 0 2
haar_x2
-1.796151e-04 -1 -2
-7.720096e-02 -1.495498e-01 4.297056e-02 
2
2
4 23 10 1 0 -1
9 23 5 1 0 2
haar_x2
-5.300940e-05 1 0
2
0 15 27 3 0 -1
9 15 9 3 0 3
haar_x3
-7.786430e-02 -1 -2
-1.063858e-01 -8.752822e-01 2.467590e-01 
2
2
7 7 21 15 0 -1
7 12 21 5 0 3
haar_y3
-3.043284e-01 0 1
2
2 19 30 5 0 -1
12 19 10 5 0 3
haar_x3
-3.603752e-02 -1 -2
3.231072e-01 1.336110e-01 -6.895284e-02 
2
3
15 1 2 6 0 -1
15 1 1 3 0 2
16 4 1 3 0 2
haar_x2_y2
-3.155076e-04 0 1
2
6 0 3 3 0 -1
7 0 1 3 0 3
haar_x3
1.103904e-03 -1 -2
1.617870e-01 -2.741567e-01 1.983288e-01 
2
2
17 23 6 1 0 -1
19 23 2 1 0 3
haar_x3
6.027131e-04 0 1
2
19 14 12 2 0 -1
19 15 12 1 0 2
haar_y2
1.654330e-02 -1 -2
3.330738e-02 -2.603455e-02 2.543594e-01 
2
2
6 7 3 4 0 -1
7 7 1 4 0 3
haar_x3
3.625553e-03 1 0
2
10 0 3 2 0 -1
11 0 1 2 0 3
haar_x3
-8.906783e-04 -1 -2
-5.344287e-01 3.844548e-01 -6.971994e-02 
2
2
17 23 6 1 0 -1
19 23 2 1 0 3
haar_x3
6.027131e-04 0 1
2
20 14 11 2 0 -1
20 15 11 1 0 2
haar_y2
-1.288980e-03 -1 -2
2.556961e-02 8.444462e-02 -6.707055e-02 
2
2
9 23 6 1 0 -1
11 23 2 1 0 3
haar_x3
-3.625840e-04 0 1
2
1 14 11 2 0 -1
1 15 11 1 0 2
haar_y2
-3.548608e-03 -1 -2
-3.694323e-01 3.503239e-01 -8.000070e-02 
2
2
27 14 4 3 0 -1
27 15 4 1 0 3
haar_y3
1.328699e-02 1 0
2
12 9 11 2 0 -1
12 10 11 1 0 2
haar_y2
-5.729096e-03 -1 -2
-6.855622e-01 1.243811e-01 -5.175420e-02 
2
2
1 14 4 3 0 -1
1 15 4 1 0 3
haar_y3
1.937984e-03 1 0
2
5 11 16 1 0 -1
13 11 8 1 0 2
haar_x2
7.647018e-03 -1 -2
2.758872e-01 -1.719949e-01 3.228803e-01 
2
2
23 8 3 7 0 -1
24 8 1 7 0 3
haar_x3
7.844128e-04 1 0
2
25 9 3 3 0 -1
26 9 1 3 0 3
haar_x3
-3.501079e-04 -1 -2
1.513493e-01 1.351388e-01 -8.097441e-02 
2
2
6 5 3 9 0 -1
7 5 1 9 0 3
haar_x3
7.065106e-04 1 0
2
4 7 3 6 0 -1
5 7 1 6 0 3
haar_x3
4.349969e-04 -1 -2
1.850110e-01 -3.480878e-01 4.247972e-02 
2
2
18 7 3 4 0 -1
19 7 1 4 0 3
haar_x3
-3.685955e-03 1 0
2
18 3 2 14 0 -1
18 3 1 14 0 2
haar_x2
4.657536e-03 -1 -2
2.640335e-02 3.155688e-02 -2.904467e-01 
2
2
9 2 12 3 0 -1
9 3 12 1 0 3
haar_y3
-1.030901e-02 0 1
2
3 2 26 21 0 -1
3 9 26 7 0 3
haar_y3
-3.080829e-01 -1 -2
3.722070e-01 1.727999e-01 -2.168360e-01 
2
2
4 2 24 9 0 -1
4 5 24 3 0 3
haar_y3
-2.632516e-02 0 1
2
31 0 1 18 0 -1
31 9 1 9 0 2
haar_y2
5.636854e-03 -1 -2
2.907837e-01 -1.684238e-01 2.112481e-01 
2
2
0 12 1 6 0 -1
0 15 1 3 0 2
haar_y2
7.253095e-03 1 0
2
3 9 10 6 0 -1
8 9 5 6 0 2
haar_x2
-2.442198e-02 -1 -2
-5.958186e-01 -5.396500e-01 1.555480e-02 
2
2
17 10 9 7 0 -1
20 10 3 7 0 3
haar_x3
-5.466419e-02 0 1
2
20 10 9 8 0 -1
23 10 3 8 0 3
haar_x3
-9.221371e-03 -1 -2
-1.000000e+00 1.741000e-01 -7.934428e-02 
2
3
2 2 10 16 0 -1
2 2 5 8 0 2
7 10 5 8 0 2
haar_x2_y2
-3.445414e-03 1 0
3
0 11 4 6 0 -1
0 11 2 3 0 2
2 14 2 3 0 2
haar_x2_y2
-3.304491e-03 -1 -2
-1.957195e-01 4.582320e-01 -5.455818e-03 
2
2
1 6 31 6 0 -1
1 8 31 2 0 3
haar_y3
-2.329282e-02 0 1
2
12 6 17 3 0 -1
12 7 17 1 0 3
haar_y3
-4.490284e-02 -1 -2
2.725727e-01 -6.322023e-01 1.306189e-02 
2
2
13 19 2 1 0 -1
14 19 1 1 0 2
haar_x2
3.186538e-05 1 0
2
0 11 3 9 0 -1
1 11 1 9 0 3
haar_x3
-8.405219e-04 -1 -2
-3.012086e-01 3.176249e-01 -1.102355e-01 
2
2
20 21 1 3 0 -1
20 22 1 1 0 3
haar_y3
-5.180938e-03 1 0
2
3 12 26 10 0 -1
3 17 26 5 0 2
haar_y2
-1.114487e-01 -1 -2
5.755251e-03 1.641337e-01 -5.194116e-02 
2
2
11 21 1 3 0 -1
11 22 1 1 0 3
haar_y3
-2.242480e-04 1 0
2
3 12 26 10 0 -1
3 17 26 5 0 2
haar_y2
-1.101883e-01 -1 -2
-1.030257e-01 7.674735e-01 6.033178e-03 
2
2
28 21 3 3 0 -1
29 21 1 3 0 3
haar_x3
-2.166316e-04 0 1
3
30 7 2 10 0 -1
31 7 1 5 0 2
30 12 1 5 0 2
haar_x2_y2
3.221337e-03 -1 -2
-3.351466e-01 -1.952218e-02 2.650330e-01 
2
2
12 21 2 3 0 -1
12 22 2 1 0 3
haar_y3
1.367932e-03 1 0
2
0 9 14 9 0 -1
7 9 7 9 0 2
haar_x2
-7.930840e-03 -1 -2
4.523714e-01 2.148065e-01 -1.480088e-01 
2
2
21 19 3 4 0 -1
22 19 1 4 0 3
haar_x3
1.084377e-03 1 0
2
23 0 4 23 0 -1
23 0 2 23 0 2
haar_x2
-1.475140e-02 -1 -2
-3.935876e-01 -2.814812e-01 4.471644e-02 
2
2
14 7 3 4 0 -1
15 7 1 4 0 3
haar_x3
-4.656200e-03 0 1
2
6 5 12 1 0 -1
10 5 4 1 0 3
haar_x3
-5.570158e-04 -1 -2
-7.170749e-01 2.694409e-01 -6.760293e-02 
2
2
19 5 6 1 0 -1
21 5 2 1 0 3
haar_x3
8.191245e-04 1 0
3
19 4 4 2 0 -1
21 4 2 1 0 2
19 5 2 1 0 2
haar_x2_y2
-2.784257e-04 -1 -2
1.217617e-01 1.300526e-01 -8.114908e-02 
2
3
0 8 2 8 0 -1
0 8 1 4 0 2
1 12 1 4 0 2
haar_x2_y2
-2.900197e-03 0 1
3
8 4 2 14 0 -1
8 4 1 7 0 2
9 11 1 7 0 2
haar_x2_y2
-7.336264e-04 -1 -2
3.143287e-01 1.208834e-01 -2.511923e-01 
2
2
27 22 4 2 0 -1
27 22 2 2 0 2
haar_x2
5.253277e-04 1 0
2
14 1 11 3 0 -1
14 2 11 1 0 3
haar_y3
1.388784e-02 -1 -2
-2.292910e-01 -4.445745e-02 3.596962e-01 
2
2
1 22 4 2 0 -1
3 22 2 2 0 2
haar_x2
5.452799e-04 1 0
2
7 1 11 3 0 -1
7 2 11 1 0 3
haar_y3
-8.027595e-03 -1 -2
-3.662618e-01 5.079283e-01 1.721586e-02 
2
2
5 8 27 9 0 -1
14 8 9 9 0 3
haar_x3
-4.214418e-02 1 0
2
6 9 21 14 0 -1
6 16 21 7 0 2
haar_y2
2.593863e-01 -1 -2
-6.516167e-02 -6.101599e-02 2.476809e-01 
2
2
0 8 27 9 0 -1
9 8 9 9 0 3
haar_x3
4.307959e-02 0 1
2
0 6 24 16 0 -1
8 6 8 16 0 3
haar_x3
1.059555e-01 -1 -2
-6.933567e-02 5.259660e-01 -1.309347e-01 
2
2
4 15 24 4 0 -1
12 15 8 4 0 3
haar_x3
-1.888438e-02 0 1
3
28 9 4 8 0 -1
30 9 2 4 0 2
28 13 2 4 0 2
haar_x2_y2
-7.589991e-03 -1 -2
2.908461e-01 2.591916e-01 -4.901134e-02 
2
2
2 9 18 10 0 -1
2 14 18 5 0 2
haar_y2
1.527567e-01 1 0
3
7 15 18 2 0 -1
7 15 9 1 0 2
16 16 9 1 0 2
haar_x2_y2
7.481899e-03 -1 -2
3.693743e-01 -2.068682e-01 3.335664e-01 
2
2
22 14 9 4 0 -1
25 14 3 4 0 3
haar_x3
-6.323835e-03 0 1
2
25 0 6 2 0 -1
25 1 6 1 0 2
haar_y2
5.208503e-03 -1 -2
2.533073e-01 4.271847e-02 -4.134833e-01 
2
2
1 9 27 3 0 -1
1 10 27 1 0 3
haar_y3
1.415700e-02 1 0
2
13 9 1 2 0 -1
13 10 1 1 0 2
haar_y2
-1.377522e-04 -1 -2
2.631336e-01 3.427750e-02 -3.674381e-01 
2
3
29 9 2 2 0 -1
30 9 1 1 0 2
29 10 1 1 0 2
haar_x2_y2
-4.806250e-04 1 0
2
16 8 2 4 0 -1
16 8 1 4 0 2
haar_x2
-2.753529e-03 -1 -2
-4.637417e-02 -5.450445e-01 2.781244e-02 
2
3
1 9 2 2 0 -1
1 9 1 1 0 2
2 10 1 1 0 2
haar_x2_y2
-6.900039e-04 0 1
3
1 9 4 4 0 -1
1 9 2 2 0 2
3 11 2 2 0 2
haar_x2_y2
-4.349379e-03 -1 -2
4.359980e-01 4.767219e-01 -9.878951e-02 
2
2
19 18 11 2 0 -1
19 19 11 1 0 2
haar_y2
2.527877e-02 0 1
2
8 17 20 4 0 -1
8 19 20 2 0 2
haar_y2
6.501779e-02 -1 -2
-1.264594e-02 -4.729616e-02 4.132125e-01 
2
3
9 8 2 4 0 -1
9 8 1 2 0 2
10 10 1 2 0 2
haar_x2_y2
-8.551957e-04 0 1
3
0 8 4 6 0 -1
0 8 2 3 0 2
2 11 2 3 0 2
haar_x2_y2
1.013723e-03 -1 -2
-2.881689e-01 -4.305917e-02 3.738722e-01 
-1.125884e+00

8
-1
