22
2
2
3 12 25 12 0 -1
3 18 25 6 0 2
haar_y2
1.317246e-01 1 0
2
3 18 26 6 0 -1
3 21 26 3 0 2
haar_y2
7.672204e-02 -1 -2
3.790726e-01 -3.805804e-01 3.620419e-01 
2
2
29 22 2 2 0 -1
29 22 1 2 0 2
haar_x2
1.635778e-04 1 0
2
27 22 2 2 0 -1
27 22 1 2 0 2
haar_x2
2.228632e-04 -1 -2
-4.733176e-01 9.832503e-02 -4.783727e-01 
2
2
0 10 4 14 0 -1
2 10 2 14 0 2
haar_x2
-3.154501e-03 0 1
3
1 6 2 18 0 -1
1 6 1 9 0 2
2 15 1 9 0 2
haar_x2_y2
-1.152147e-03 -1 -2
3.463744e-01 2.288486e-01 -4.525711e-01 
2
2
8 0 16 8 0 -1
8 4 16 4 0 2
haar_y2
3.468137e-02 0 1
2
14 22 6 2 0 -1
16 22 2 2 0 3
haar_x3
5.225234e-04 -1 -2
-2.181474e-01 9.541466e-02 -4.751176e-01 
2
2
13 22 6 1 0 -1
15 22 2 1 0 3
haar_x3
-3.832718e-04 0 1
2
13 21 6 2 0 -1
15 21 2 2 0 3
haar_x3
4.789320e-04 -1 -2
-3.597788e-01 4.255798e-01 -2.765225e-01 
2
3
18 0 14 24 0 -1
25 0 7 12 0 2
18 12 7 12 0 2
haar_x2_y2
-2.250317e-02 0 1
3
26 7 6 4 0 -1
29 7 3 2 0 2
26 9 3 2 0 2
haar_x2_y2
-3.015762e-03 -1 -2
2.717765e-01 2.769376e-01 -9.592470e-02 
2
3
2 6 2 8 0 -1
2 6 1 4 0 2
3 10 1 4 0 2
haar_x2_y2
1.121986e-03 1 0
3
1 5 2 6 0 -1
1 5 1 3 0 2
2 8 1 3 0 2
haar_x2_y2
1.053644e-03 -1 -2
2.187758e-01 -3.868726e-01 1.663824e-01 
2
3
18 0 14 24 0 -1
25 0 7 12 0 2
18 12 7 12 0 2
haar_x2_y2
-4.998646e-02 0 1
2
7 9 18 15 0 -1
7 14 18 5 0 3
haar_y3
1.222202e-01 -1 -2
1.858727e-01 -9.930200e-02 3.491371e-01 
2
3
0 0 14 24 0 -1
0 0 7 12 0 2
7 12 7 12 0 2
haar_x2_y2
-4.296079e-02 0 1
3
2 3 6 12 0 -1
2 3 3 6 0 2
5 9 3 6 0 2
haar_x2_y2
8.974554e-03 -1 -2
1.697743e-01 -4.128233e-01 8.525105e-02 
2
2
30 21 2 2 0 -1
30 21 1 2 0 2
haar_x2
7.882199e-04 1 0
2
26 21 6 3 0 -1
28 21 2 3 0 3
haar_x3
-8.130369e-04 -1 -2
-5.154491e-01 -2.397370e-01 7.098939e-02 
2
2
7 1 17 3 0 -1
7 2 17 1 0 3
haar_y3
1.487273e-02 1 0
2
9 1 14 3 0 -1
9 2 14 1 0 3
haar_y3
-2.162720e-03 -1 -2
5.101943e-01 2.001452e-01 -2.547705e-01 
2
2
30 21 2 2 0 -1
30 21 1 2 0 2
haar_x2
9.518472e-05 1 0
2
30 21 2 3 0 -1
30 21 1 3 0 2
haar_x2
2.841010e-04 -1 -2
-1.358506e-01 3.774300e-02 -1.901120e-01 
2
2
0 21 2 2 0 -1
1 21 1 2 0 2
haar_x2
1.805650e-04 1 0
2
0 21 2 3 0 -1
1 21 1 3 0 2
haar_x2
-9.512094e-04 -1 -2
-4.338445e-01 -4.037764e-01 2.057451e-01 
2
3
28 12 2 2 0 -1
29 12 1 1 0 2
28 13 1 1 0 2
haar_x2_y2
-2.465905e-04 1 0
2
14 9 17 2 0 -1
14 10 17 1 0 2
haar_y2
-4.470006e-03 -1 -2
-1.043578e-01 2.171817e-01 -1.207052e-01 
2
2
11 21 9 3 0 -1
11 22 9 1 0 3
haar_y3
-2.287200e-03 0 1
2
9 22 3 2 0 -1
10 22 1 2 0 3
haar_x3
-1.473734e-04 -1 -2
3.843005e-01 -4.927711e-01 5.950789e-02 
2
3
28 12 2 2 0 -1
29 12 1 1 0 2
28 13 1 1 0 2
haar_x2_y2
1.574130e-04 1 0
2
14 9 18 2 0 -1
14 10 18 1 0 2
haar_y2
-5.281908e-03 -1 -2
2.409745e-01 1.887247e-01 -9.132414e-02 
2
2
4 2 24 18 0 -1
4 8 24 6 0 3
haar_y3
1.697338e-01 1 0
2
2 9 27 14 0 -1
2 16 27 7 0 2
haar_y2
2.934507e-01 -1 -2
2.535340e-01 -3.432634e-01 1.995463e-01 
2
3
26 1 6 16 0 -1
29 1 3 8 0 2
26 9 3 8 0 2
haar_x2_y2
-1.919181e-02 0 1
3
28 12 4 10 0 -1
30 12 2 5 0 2
28 17 2 5 0 2
haar_x2_y2
5.382510e-03 -1 -2
3.293683e-01 -7.501721e-02 3.290115e-01 
2
2
3 18 25 6 0 -1
3 20 25 2 0 3
haar_y3
-2.938050e-02 0 1
2
4 6 19 9 0 -1
4 9 19 3 0 3
haar_y3
-7.483991e-02 -1 -2
2.688517e-01 3.027867e-01 -2.973226e-01 
2
2
17 12 3 2 0 -1
17 13 3 1 0 2
haar_y2
-6.662450e-04 0 1
2
16 12 9 3 0 -1
16 13 9 1 0 3
haar_y3
1.024493e-02 -1 -2
1.775994e-01 -5.331095e-02 4.000468e-01 
2
2
9 5 3 1 0 -1
10 5 1 1 0 3
haar_x3
2.316143e-04 0 1
2
13 22 3 2 0 -1
14 22 1 2 0 3
haar_x3
4.687289e-04 -1 -2
-2.186147e-01 3.139534e-01 -8.752951e-01 
2
2
8 12 24 3 0 -1
8 13 24 1 0 3
haar_y3
-6.498536e-03 0 1
2
16 22 3 2 0 -1
17 22 1 2 0 3
haar_x3
-4.518745e-04 -1 -2
2.011496e-01 -3.700590e-01 4.676089e-02 
-1.241925e+00

2
-1
