50
2
2
0 13 8 8 0 -1
4 13 4 8 0 2
haar_x2
-9.077797e-03 1 0
2
0 22 6 2 0 -1
2 22 2 2 0 3
haar_x3
-4.679679e-04 -1 -2
-1.670272e-01 -2.475787e-01 4.028808e-01 
2
2
15 20 2 2 0 -1
15 20 1 2 0 2
haar_x2
1.569224e-04 0 1
2
10 2 22 6 0 -1
10 2 11 6 0 2
haar_x2
2.287856e-02 -1 -2
1.004596e-01 -1.050738e-01 1.284976e-01 
2
2
1 1 18 19 0 -1
10 1 9 19 0 2
haar_x2
-6.155853e-02 0 1
2
2 18 3 6 0 -1
3 18 1 6 0 3
haar_x3
2.269175e-04 -1 -2
-4.124624e-01 2.023487e-01 -2.774163e-01 
2
2
30 14 2 10 0 -1
30 14 1 10 0 2
haar_x2
5.459279e-04 1 0
2
20 1 2 10 0 -1
20 6 2 5 0 2
haar_y2
7.083834e-03 -1 -2
-3.598254e-01 -8.010418e-02 5.866594e-02 
2
2
0 14 2 10 0 -1
1 14 1 10 0 2
haar_x2
-2.442614e-05 0 1
3
0 2 10 10 0 -1
0 2 5 5 0 2
5 7 5 5 0 2
haar_x2_y2
-4.279049e-03 -1 -2
2.071266e-01 2.142677e-01 -3.975102e-01 
2
2
6 20 21 4 0 -1
6 22 21 2 0 2
haar_y2
7.137701e-02 1 0
2
26 17 6 3 0 -1
28 17 2 3 0 3
haar_x3
6.228055e-03 -1 -2
5.062338e-01 -2.115334e-02 3.147360e-01 
2
2
12 22 3 1 0 -1
13 22 1 1 0 3
haar_x3
-1.374088e-04 0 1
2
13 22 2 1 0 -1
14 22 1 1 0 2
haar_x2
-3.279986e-05 -1 -2
-4.609489e-01 -2.498381e-01 1.862796e-01 
2
2
26 12 3 1 0 -1
27 12 1 1 0 3
haar_x3
3.327117e-04 1 0
3
14 13 8 8 0 -1
18 13 4 4 0 2
14 17 4 4 0 2
haar_x2_y2
4.449951e-02 -1 -2
3.018861e-01 -3.811159e-03 -9.998749e-01 
2
2
3 12 3 1 0 -1
4 12 1 1 0 3
haar_x3
3.811046e-04 1 0
3
10 13 8 8 0 -1
10 13 4 4 0 2
14 17 4 4 0 2
haar_x2_y2
1.345793e-02 -1 -2
2.785899e-01 -2.214196e-01 6.553864e-01 
2
2
4 5 24 15 0 -1
4 10 24 5 0 3
haar_y3
-3.022152e-01 0 1
2
9 12 14 12 0 -1
9 16 14 4 0 3
haar_y3
-1.681009e-01 -1 -2
4.246485e-01 5.287447e-01 -5.840620e-02 
2
2
10 18 2 4 0 -1
10 20 2 2 0 2
haar_y2
-7.081009e-05 0 1
2
11 17 4 2 0 -1
11 18 4 1 0 2
haar_y2
4.728407e-03 -1 -2
1.337088e-01 -3.135303e-01 6.183532e-01 
2
2
18 7 3 4 0 -1
19 7 1 4 0 3
haar_x3
-3.648450e-03 1 0
3
6 0 24 6 0 -1
18 0 12 3 0 2
6 3 12 3 0 2
haar_x2_y2
-1.351346e-02 -1 -2
2.426520e-02 1.466085e-01 -6.989899e-02 
2
3
12 9 4 14 0 -1
12 9 2 7 0 2
14 16 2 7 0 2
haar_x2_y2
1.664673e-03 1 0
2
14 0 3 1 0 -1
15 0 1 1 0 3
haar_x3
-5.357912e-04 -1 -2
-2.709195e-01 6.176860e-01 -3.314782e-03 
2
3
11 1 12 14 0 -1
17 1 6 7 0 2
11 8 6 7 0 2
haar_x2_y2
1.003863e-04 1 0
3
20 1 6 20 0 -1
23 1 3 10 0 2
20 11 3 10 0 2
haar_x2_y2
-2.717373e-03 -1 -2
1.211879e-01 1.434057e-01 -1.346538e-01 
2
2
12 0 3 6 0 -1
12 3 3 3 0 2
haar_y2
1.683945e-03 1 0
2
7 12 18 2 0 -1
16 12 9 2 0 2
haar_x2
-1.270393e-02 -1 -2
1.082294e-01 3.708274e-01 -3.471236e-01 
2
2
13 1 6 3 0 -1
13 2 6 1 0 3
haar_y3
1.398409e-02 1 0
2
11 5 13 16 0 -1
11 13 13 8 0 2
haar_y2
2.676032e-01 -1 -2
8.115543e-01 -2.491572e-02 9.312729e-01 
2
2
12 8 3 2 0 -1
13 8 1 2 0 3
haar_x3
-1.901760e-03 0 1
3
3 10 4 4 0 -1
3 10 2 2 0 2
5 12 2 2 0 2
haar_x2_y2
-3.626271e-03 -1 -2
-5.904289e-01 5.227017e-01 -5.010615e-02 
2
2
23 13 9 5 0 -1
26 13 3 5 0 3
haar_x3
-3.157719e-03 1 0
2
22 10 2 6 0 -1
22 13 2 3 0 2
haar_y2
-1.906056e-02 -1 -2
-9.527449e-02 -5.547597e-01 1.137337e-02 
2
2
0 19 30 3 0 -1
0 20 30 1 0 3
haar_y3
2.923753e-02 1 0
2
0 13 9 5 0 -1
3 13 3 5 0 3
haar_x3
-4.806387e-03 -1 -2
7.211988e-01 2.323392e-01 -1.466497e-01 
2
2
29 23 3 1 0 -1
30 23 1 1 0 3
haar_x3
1.688187e-04 1 0
2
29 11 3 2 0 -1
30 11 1 2 0 3
haar_x3
-4.546619e-05 -1 -2
-3.416279e-01 1.146288e-01 -8.623875e-02 
2
2
0 11 1 12 0 -1
0 15 1 4 0 3
haar_y3
1.224396e-02 1 0
3
2 7 8 12 0 -1
2 7 4 6 0 2
6 13 4 6 0 2
haar_x2_y2
3.051926e-02 -1 -2
-6.737539e-01 1.500496e-01 -7.175910e-01 
2
2
18 4 9 11 0 -1
21 4 3 11 0 3
haar_x3
5.438222e-02 0 1
2
19 2 6 17 0 -1
19 2 3 17 0 2
haar_x2
-2.813506e-02 -1 -2
-5.712961e-03 -4.003660e-01 1.307239e-03 
2
2
5 4 9 11 0 -1
8 4 3 11 0 3
haar_x3
-3.324510e-03 0 1
2
7 2 6 17 0 -1
10 2 3 17 0 2
haar_x2
9.037058e-03 -1 -2
2.288831e-01 -2.979278e-01 2.314693e-01 
2
2
21 11 6 13 0 -1
23 11 2 13 0 3
haar_x3
2.151389e-03 0 1
2
21 9 8 12 0 -1
21 9 4 12 0 2
haar_x2
-7.445535e-03 -1 -2
-7.314488e-02 1.197649e-01 -7.932146e-02 
2
2
5 11 6 13 0 -1
7 11 2 13 0 3
haar_x3
1.020029e-02 0 1
2
1 12 3 3 0 -1
2 12 1 3 0 3
haar_x3
2.942813e-03 -1 -2
-1.904407e-02 7.826287e-01 -5.278701e-01 
2
2
19 7 4 5 0 -1
19 7 2 5 0 2
haar_x2
-1.016317e-02 1 0
3
17 12 14 6 0 -1
24 12 7 3 0 2
17 15 7 3 0 2
haar_x2_y2
8.625353e-03 -1 -2
1.991676e-02 -3.558001e-02 1.113715e-01 
2
2
9 7 4 5 0 -1
11 7 2 5 0 2
haar_x2
4.694247e-03 1 0
3
1 12 14 6 0 -1
1 12 7 3 0 2
8 15 7 3 0 2
haar_x2_y2
2.194123e-02 -1 -2
-3.942443e-01 1.665888e-01 -4.462131e-01 
2
2
24 6 3 1 0 -1
25 6 1 1 0 3
haar_x3
8.277676e-04 0 1
2
13 2 6 6 0 -1
15 2 2 6 0 3
haar_x3
-9.149296e-03 -1 -2
-6.280946e-02 -3.416730e-01 3.723875e-02 
2
2
12 17 3 5 0 -1
13 17 1 5 0 3
haar_x3
2.008122e-04 1 0
2
0 23 2 1 0 -1
1 23 1 1 0 2
haar_x2
1.197762e-04 -1 -2
-2.162555e-01 2.615630e-01 -4.055317e-01 
2
2
15 0 3 1 0 -1
16 0 1 1 0 3
haar_x3
-1.509189e-04 1 0
3
26 20 4 4 0 -1
28 20 2 2 0 2
26 22 2 2 0 2
haar_x2_y2
-7.667420e-04 -1 -2
-1.000979e-01 -1.844833e-01 2.761451e-02 
2
3
2 20 4 4 0 -1
2 20 2 2 0 2
4 22 2 2 0 2
haar_x2_y2
8.072372e-04 1 0
2
14 0 3 1 0 -1
15 0 1 1 0 3
haar_x3
4.476628e-04 -1 -2
4.296908e-01 -1.368452e-01 4.193360e-01 
2
3
13 13 6 2 0 -1
16 13 3 1 0 2
13 14 3 1 0 2
haar_x2_y2
1.352592e-03 0 1
3
26 7 2 2 0 -1
27 7 1 1 0 2
26 8 1 1 0 2
haar_x2_y2
6.231125e-04 -1 -2
-9.369366e-02 -8.872994e-02 4.741314e-01 
2
3
7 0 2 4 0 -1
7 0 1 2 0 2
8 2 1 2 0 2
haar_x2_y2
1.306207e-04 1 0
3
7 5 2 2 0 -1
7 5 1 1 0 2
8 6 1 1 0 2
haar_x2_y2
-2.988277e-04 -1 -2
3.011766e-01 3.970165e-01 -2.065870e-01 
2
2
5 3 22 12 0 -1
5 7 22 4 0 3
haar_y3
1.609783e-01 1 0
2
13 5 7 4 0 -1
13 7 7 2 0 2
haar_y2
1.790237e-02 -1 -2
3.749637e-01 -4.213388e-02 3.348976e-01 
2
2
5 2 9 8 0 -1
5 6 9 4 0 2
haar_y2
-1.212644e-02 1 0
2
4 4 10 4 0 -1
4 6 10 2 0 2
haar_y2
-3.021687e-02 -1 -2
-1.758054e-01 -7.101119e-01 3.802437e-01 
2
3
17 0 2 2 0 -1
18 0 1 1 0 2
17 1 1 1 0 2
haar_x2_y2
-1.617531e-03 0 1
2
11 2 10 1 0 -1
11 2 5 1 0 2
haar_x2
7.528722e-03 -1 -2
-6.200834e-01 5.371467e-02 -5.637951e-01 
2
3
13 0 2 2 0 -1
13 0 1 1 0 2
14 1 1 1 0 2
haar_x2_y2
5.277373e-05 1 0
2
8 10 2 10 0 -1
8 15 2 5 0 2
haar_y2
2.123075e-02 -1 -2
2.457658e-01 -2.433204e-01 5.400098e-01 
2
2
24 3 8 12 0 -1
24 3 4 12 0 2
haar_x2
-4.255304e-02 1 0
2
24 8 8 9 0 -1
24 8 4 9 0 2
haar_x2
-2.397796e-02 -1 -2
-3.910590e-02 3.434737e-01 -9.645751e-02 
2
2
0 3 8 12 0 -1
4 3 4 12 0 2
haar_x2
1.305373e-03 0 1
2
1 3 7 15 0 -1
1 8 7 5 0 3
haar_y3
9.222955e-03 -1 -2
-1.745399e-01 -9.861639e-02 4.528135e-01 
2
3
23 9 4 2 0 -1
25 9 2 1 0 2
23 10 2 1 0 2
haar_x2_y2
-1.593009e-03 1 0
2
26 4 3 1 0 -1
27 4 1 1 0 3
haar_x3
3.130087e-04 -1 -2
-3.926468e-02 -7.425551e-02 2.285137e-01 
2
3
5 9 4 2 0 -1
5 9 2 1 0 2
7 10 2 1 0 2
haar_x2_y2
1.608851e-03 1 0
2
3 4 3 1 0 -1
4 4 1 1 0 3
haar_x3
1.196361e-03 -1 -2
5.509602e-01 -8.516490e-02 6.112510e-01 
2
3
20 5 2 2 0 -1
21 5 1 1 0 2
20 6 1 1 0 2
haar_x2_y2
-1.238498e-04 1 0
2
22 6 9 4 0 -1
25 6 3 4 0 3
haar_x3
-3.322521e-02 -1 -2
-8.228539e-02 -7.440188e-01 2.413196e-02 
2
3
10 5 2 2 0 -1
10 5 1 1 0 2
11 6 1 1 0 2
haar_x2_y2
3.111346e-04 0 1
2
5 4 9 6 0 -1
8 4 3 6 0 3
haar_x3
2.214177e-02 -1 -2
-4.070289e-02 5.747493e-01 -5.059071e-01 
2
2
26 1 4 17 0 -1
26 1 2 17 0 2
haar_x2
-4.421602e-03 0 1
2
21 1 9 2 0 -1
21 2 9 1 0 2
haar_y2
-1.246959e-02 -1 -2
1.811574e-01 -6.485435e-01 1.267281e-02 
2
2
2 3 4 15 0 -1
4 3 2 15 0 2
haar_x2
-7.705761e-03 1 0
2
2 0 4 12 0 -1
4 0 2 12 0 2
haar_x2
-1.330199e-02 -1 -2
-1.738428e-01 -1.588072e-01 6.524774e-01 
2
2
15 19 2 5 0 -1
15 19 1 5 0 2
haar_x2
1.109280e-03 0 1
2
14 0 14 9 0 -1
14 0 7 9 0 2
haar_x2
-1.153610e-01 -1 -2
6.617616e-02 -8.097575e-01 1.896822e-02 
2
2
4 0 14 9 0 -1
11 0 7 9 0 2
haar_x2
1.701248e-02 0 1
2
0 18 2 1 0 -1
1 18 1 1 0 2
haar_x2
5.730792e-05 -1 -2
-2.242289e-01 3.187195e-01 -3.546822e-01 
2
2
21 19 3 5 0 -1
22 19 1 5 0 3
haar_x3
-2.783384e-04 0 1
2
10 5 18 18 0 -1
10 14 18 9 0 2
haar_y2
2.840776e-01 -1 -2
-2.463755e-01 -3.010410e-02 2.320133e-01 
2
2
9 11 5 12 0 -1
9 17 5 6 0 2
haar_y2
-6.001842e-02 0 1
2
8 22 3 2 0 -1
9 22 1 2 0 3
haar_x3
1.164342e-04 -1 -2
6.183637e-01 1.172280e-01 -3.053589e-01 
2
2
3 6 26 6 0 -1
3 8 26 2 0 3
haar_y3
4.787448e-02 1 0
2
17 5 7 4 0 -1
17 7 7 2 0 2
haar_y2
-1.262285e-03 -1 -2
3.286587e-01 8.368874e-02 -8.234078e-02 
-1.127836e+00

9
-1
