6
2
2
0 21 29 9 0 -1
0 24 29 3 0 3
haar_y3
-7.252672e-02 1 0
2
0 26 30 1 0 -1
10 26 10 1 0 3
haar_x3
-4.186245e-03 -1 -2
-7.367845e-01 7.492158e-01 -4.872181e-01 
2
2
3 10 25 18 0 -1
3 19 25 9 0 2
haar_y2
-1.643133e-01 1 0
2
28 23 2 5 0 -1
28 23 1 5 0 2
tilted_haar_y2
-7.791632e-04 -1 -2
-6.447690e-01 2.997229e-01 -7.088574e-01 
2
2
12 25 6 5 0 -1
14 25 2 5 0 3
haar_x3
-1.870826e-03 0 1
2
12 26 6 4 0 -1
14 26 2 4 0 3
haar_x3
1.298802e-03 -1 -2
-8.232762e-01 5.869672e-01 -8.924420e-01 
2
2
26 25 4 4 0 -1
26 25 2 4 0 2
haar_x2
-5.564983e-04 1 0
2
25 27 2 1 0 -1
25 27 1 1 0 2
tilted_haar_y2
-4.313573e-05 -1 -2
-6.050833e-01 1.562788e-01 -5.348233e-01 
2
2
0 25 4 2 0 -1
2 25 2 2 0 2
haar_x2
-1.639520e-04 1 0
2
5 28 9 1 0 -1
8 28 3 1 0 3
haar_x3
-2.294665e-03 -1 -2
-5.109726e-01 -9.018587e-01 5.783113e-01 
2
2
1 0 28 4 0 -1
8 0 14 4 0 2
haar_x4
9.258391e-03 1 0
2
21 18 9 3 0 -1
24 21 3 3 0 3
tilted_haar_y3
-8.594438e-03 -1 -2
4.497854e-01 2.396314e-01 -4.868246e-01 
-1.524945e+00

1
-1
