10
2
2
0 12 29 12 0 -1
0 18 29 6 0 2
haar_y2
1.701191e-01 1 0
2
7 8 18 14 0 -1
7 15 18 7 0 2
haar_y2
-1.421941e-01 -1 -2
6.941156e-01 4.891070e-01 -5.761283e-01 
2
2
1 20 30 3 0 -1
11 20 10 3 0 3
haar_x3
1.380948e-02 1 0
2
1 3 30 4 0 -1
11 3 10 4 0 3
haar_x3
2.304903e-02 -1 -2
-7.448784e-01 -2.744316e-01 3.548637e-01 
2
2
0 20 6 4 0 -1
3 20 3 4 0 2
haar_x2
2.911414e-03 1 0
2
2 5 26 15 0 -1
2 10 26 5 0 3
haar_y3
-1.902094e-01 -1 -2
-6.946012e-01 7.944635e-01 8.690260e-02 
2
2
15 21 6 3 0 -1
17 21 2 3 0 3
haar_x3
2.045833e-03 1 0
2
15 21 6 3 0 -1
17 21 2 3 0 3
haar_x3
2.045833e-03 -1 -2
-6.558753e-01 1.708179e-01 -6.558753e-01 
2
2
12 22 6 2 0 -1
14 22 2 2 0 3
haar_x3
7.396935e-04 1 0
2
7 22 9 2 0 -1
10 22 3 2 0 3
haar_x3
1.071582e-03 -1 -2
-5.595910e-01 3.592930e-01 -3.982026e-01 
2
2
28 10 4 11 0 -1
28 10 2 11 0 2
haar_x2
-4.903466e-03 0 1
2
29 6 2 9 0 -1
29 6 1 9 0 2
haar_x2
-2.413664e-03 -1 -2
3.637624e-01 2.784948e-01 -8.491769e-02 
2
2
3 15 26 9 0 -1
3 18 26 3 0 3
haar_y3
-8.925340e-02 0 1
2
0 9 29 15 0 -1
0 14 29 5 0 3
haar_y3
1.495602e-01 -1 -2
4.868162e-01 -4.267493e-01 3.452159e-01 
2
2
28 10 4 11 0 -1
28 10 2 11 0 2
haar_x2
-1.178348e-02 0 1
2
26 8 6 8 0 -1
28 8 2 8 0 3
haar_x3
4.252099e-03 -1 -2
2.370268e-01 -1.201094e-01 2.724202e-01 
2
2
0 10 4 11 0 -1
2 10 2 11 0 2
haar_x2
-2.278102e-03 0 1
2
0 5 4 10 0 -1
2 5 2 10 0 2
haar_x2
8.358425e-03 -1 -2
2.899855e-01 -5.863622e-01 2.559135e-01 
2
2
11 8 13 15 0 -1
11 13 13 5 0 3
haar_y3
-1.381285e-01 0 1
2
15 5 15 9 0 -1
15 8 15 3 0 3
haar_y3
4.889835e-02 -1 -2
5.479839e-01 -1.273979e-01 3.558098e-01 
-1.460994e+00

-1
-1
