39
2
2
1 10 2 14 0 -1
1 17 2 7 0 2
haar_y2
1.920840e-03 0 1
3
0 14 4 10 0 -1
0 14 2 5 0 2
2 19 2 5 0 2
haar_x2_y2
-7.766318e-04 -1 -2
-3.191668e-01 -2.680292e-01 3.046421e-01 
2
2
16 22 3 2 0 -1
17 22 1 2 0 3
haar_x3
2.020208e-04 0 1
2
16 22 3 2 0 -1
17 22 1 2 0 3
haar_x3
2.020208e-04 -1 -2
7.794406e-02 7.794406e-02 -4.000145e-01 
2
2
3 8 11 14 0 -1
3 15 11 7 0 2
haar_y2
-5.362877e-02 0 1
2
9 6 14 15 0 -1
9 11 14 5 0 3
haar_y3
-1.839337e-01 -1 -2
3.059856e-01 3.065566e-01 -2.740597e-01 
2
3
26 0 6 18 0 -1
29 0 3 9 0 2
26 9 3 9 0 2
haar_x2_y2
-1.379176e-02 0 1
3
28 13 4 8 0 -1
30 13 2 4 0 2
28 17 2 4 0 2
haar_x2_y2
2.008513e-03 -1 -2
2.307664e-01 -1.058916e-01 1.375802e-01 
2
2
10 2 9 3 0 -1
10 3 9 1 0 3
haar_y3
6.552042e-03 1 0
2
15 2 2 3 0 -1
15 3 2 1 0 3
haar_y3
-5.731294e-04 -1 -2
3.018230e-01 7.312858e-02 -3.129734e-01 
2
2
31 0 1 24 0 -1
31 12 1 12 0 2
haar_y2
1.958361e-03 1 0
2
1 18 30 6 0 -1
11 18 10 6 0 3
haar_x3
9.777121e-03 -1 -2
1.840861e-01 6.153475e-02 -2.646308e-01 
2
3
0 0 6 18 0 -1
0 0 3 9 0 2
3 9 3 9 0 2
haar_x2_y2
-1.136230e-02 0 1
3
0 13 4 8 0 -1
0 13 2 4 0 2
2 17 2 4 0 2
haar_x2_y2
-5.749347e-03 -1 -2
1.284500e-01 1.720578e-01 -3.443803e-01 
2
2
15 21 3 3 0 -1
16 21 1 3 0 3
haar_x3
-4.507864e-04 1 0
3
22 5 2 2 0 -1
23 5 1 1 0 2
22 6 1 1 0 2
haar_x2_y2
2.185960e-04 -1 -2
5.354693e-02 -1.091582e-01 2.419398e-01 
2
2
14 20 3 4 0 -1
15 20 1 4 0 3
haar_x3
4.492465e-04 1 0
2
0 22 2 1 0 -1
1 22 1 1 0 2
haar_x2
1.171383e-04 -1 -2
-5.267202e-01 8.519018e-02 -4.393379e-01 
2
2
4 1 24 6 0 -1
12 1 8 6 0 3
haar_x3
1.420209e-02 1 0
2
21 0 4 4 0 -1
21 0 2 4 0 2
haar_x2
1.238780e-03 -1 -2
1.464022e-01 -7.665055e-02 1.057210e-01 
2
3
3 2 2 14 0 -1
3 2 1 7 0 2
4 9 1 7 0 2
haar_x2_y2
1.865035e-03 1 0
3
8 5 2 2 0 -1
8 5 1 1 0 2
9 6 1 1 0 2
haar_x2_y2
-2.797113e-04 -1 -2
1.752350e-01 1.510075e-01 -2.946066e-01 
2
2
8 8 16 12 0 -1
8 14 16 6 0 2
haar_y2
2.253373e-01 1 0
2
15 15 4 2 0 -1
15 16 4 1 0 2
haar_y2
-3.561391e-04 -1 -2
6.801071e-01 1.413809e-01 -1.207661e-01 
2
2
7 6 16 3 0 -1
7 7 16 1 0 3
haar_y3
1.367766e-02 1 0
2
5 6 22 3 0 -1
5 7 22 1 0 3
haar_y3
-9.488625e-03 -1 -2
3.670215e-01 2.116234e-01 -2.260679e-01 
2
2
13 14 15 10 0 -1
13 19 15 5 0 2
haar_y2
1.120027e-01 1 0
2
12 16 13 6 0 -1
12 19 13 3 0 2
haar_y2
6.478275e-02 -1 -2
2.811596e-01 -6.022614e-02 3.724883e-01 
2
2
9 16 11 6 0 -1
9 19 11 3 0 2
haar_y2
-1.858870e-02 0 1
2
1 10 30 14 0 -1
11 10 10 14 0 3
haar_x3
-1.792448e-02 -1 -2
3.260974e-01 4.083958e-02 -3.722492e-01 
2
2
23 23 3 1 0 -1
24 23 1 1 0 3
haar_x3
1.413165e-04 0 1
3
30 7 2 8 0 -1
31 7 1 4 0 2
30 11 1 4 0 2
haar_x2_y2
-1.895295e-03 -1 -2
6.581199e-02 1.146373e-01 -4.121530e-02 
2
2
6 23 3 1 0 -1
7 23 1 1 0 3
haar_x3
-1.684304e-04 0 1
3
0 7 2 8 0 -1
0 7 1 4 0 2
1 11 1 4 0 2
haar_x2_y2
-1.867131e-03 -1 -2
-4.664811e-01 3.071716e-01 -8.936878e-02 
2
2
31 16 1 6 0 -1
31 19 1 3 0 2
haar_y2
-3.531663e-03 0 1
2
15 23 3 1 0 -1
16 23 1 1 0 3
haar_x3
1.828307e-04 -1 -2
-3.997688e-01 5.042126e-02 -4.329141e-01 
2
2
0 13 12 3 0 -1
4 13 4 3 0 3
haar_x3
-9.358330e-04 0 1
3
2 9 4 2 0 -1
2 9 2 1 0 2
4 10 2 1 0 2
haar_x2_y2
-6.193928e-04 -1 -2
1.888701e-01 2.109571e-01 -2.745413e-01 
2
2
7 12 21 12 0 -1
7 16 21 4 0 3
haar_y3
-1.869410e-01 0 1
2
20 18 5 4 0 -1
20 20 5 2 0 2
haar_y2
2.452572e-02 -1 -2
3.318678e-01 -3.543673e-02 5.309488e-01 
2
2
7 20 12 2 0 -1
7 21 12 1 0 2
haar_y2
-8.187635e-04 1 0
3
12 8 2 4 0 -1
12 8 1 2 0 2
13 10 1 2 0 2
haar_x2_y2
1.488838e-03 -1 -2
-1.649155e-01 2.875266e-01 -6.156025e-01 
2
2
13 22 6 2 0 -1
15 22 2 2 0 3
haar_x3
-2.909021e-03 0 1
2
31 16 1 6 0 -1
31 19 1 3 0 2
haar_y2
7.943228e-03 -1 -2
-6.796063e-01 1.652901e-02 -5.042847e-01 
2
2
0 16 1 6 0 -1
0 19 1 3 0 2
haar_y2
-2.076840e-03 0 1
2
7 4 3 1 0 -1
8 4 1 1 0 3
haar_x3
3.287864e-04 -1 -2
-3.409706e-01 -4.216645e-03 3.643252e-01 
2
3
29 9 2 2 0 -1
30 9 1 1 0 2
29 10 1 1 0 2
haar_x2_y2
-2.729768e-04 0 1
3
28 9 4 2 0 -1
30 9 2 1 0 2
28 10 2 1 0 2
haar_x2_y2
-4.368959e-04 -1 -2
2.108390e-01 1.711906e-01 -1.054834e-01 
2
2
6 18 15 6 0 -1
6 20 15 2 0 3
haar_y3
-4.507141e-02 0 1
2
2 14 24 9 0 -1
2 17 24 3 0 3
haar_y3
8.587277e-02 -1 -2
3.477125e-01 -1.798724e-01 3.047470e-01 
2
2
17 23 6 1 0 -1
19 23 2 1 0 3
haar_x3
2.626776e-04 1 0
3
25 6 2 2 0 -1
26 6 1 1 0 2
25 7 1 1 0 2
haar_x2_y2
-6.219236e-04 -1 -2
-2.717131e-01 3.512352e-01 -6.457112e-02 
2
3
4 10 4 2 0 -1
4 10 2 1 0 2
6 11 2 1 0 2
haar_x2_y2
8.459375e-04 0 1
2
10 8 4 3 0 -1
12 8 2 3 0 2
haar_x2
-2.550240e-03 -1 -2
-2.602152e-02 -5.070578e-01 4.897199e-01 
2
2
30 22 1 2 0 -1
30 23 1 1 0 2
haar_y2
9.372671e-04 0 1
3
26 11 6 10 0 -1
29 11 3 5 0 2
26 16 3 5 0 2
haar_x2_y2
-4.974492e-03 -1 -2
4.229546e-02 2.896024e-01 -1.378013e-01 
2
2
1 22 1 2 0 -1
1 23 1 1 0 2
haar_y2
-8.418004e-04 0 1
3
3 10 10 2 0 -1
3 10 5 1 0 2
8 11 5 1 0 2
haar_x2_y2
-1.867122e-03 -1 -2
-7.097064e-01 2.536196e-01 -1.088646e-01 
2
2
17 23 6 1 0 -1
19 23 2 1 0 3
haar_x3
-6.495166e-04 1 0
2
28 19 2 5 0 -1
28 19 1 5 0 2
haar_x2
3.115375e-04 -1 -2
2.879786e-02 5.223731e-02 -2.496857e-01 
2
2
2 0 2 2 0 -1
2 1 2 1 0 2
haar_y2
3.349948e-03 1 0
2
13 0 5 4 0 -1
13 2 5 2 0 2
haar_y2
1.774962e-03 -1 -2
-8.065225e-01 -1.515340e-01 1.741405e-01 
2
2
4 3 24 15 0 -1
4 8 24 5 0 3
haar_y3
2.603468e-01 1 0
2
16 6 3 9 0 -1
16 9 3 3 0 3
haar_y3
-1.297772e-02 -1 -2
3.783141e-01 1.513723e-01 -5.471381e-02 
2
2
7 17 18 2 0 -1
7 18 18 1 0 2
haar_y2
-7.915212e-03 0 1
2
0 10 2 4 0 -1
1 10 1 4 0 2
haar_x2
-3.694952e-04 -1 -2
2.425641e-01 5.914047e-02 -3.174088e-01 
2
3
30 11 2 6 0 -1
31 11 1 3 0 2
30 14 1 3 0 2
haar_x2_y2
-5.808612e-04 0 1
3
26 0 2 8 0 -1
27 0 1 4 0 2
26 4 1 4 0 2
haar_x2_y2
-2.164361e-03 -1 -2
1.127312e-01 2.751155e-01 -5.474650e-02 
2
3
0 11 2 6 0 -1
0 11 1 3 0 2
1 14 1 3 0 2
haar_x2_y2
-2.183123e-03 0 1
3
4 0 2 8 0 -1
4 0 1 4 0 2
5 4 1 4 0 2
haar_x2_y2
1.241481e-03 -1 -2
3.442817e-01 -2.091682e-01 1.510664e-01 
2
2
15 23 2 1 0 -1
15 23 1 1 0 2
haar_x2
8.746294e-05 0 1
2
23 1 3 22 0 -1
24 1 1 22 0 3
haar_x3
-1.439201e-02 -1 -2
7.920807e-02 -6.148713e-01 2.727079e-02 
2
2
1 20 3 4 0 -1
2 20 1 4 0 3
haar_x3
-3.830334e-04 0 1
3
4 7 2 2 0 -1
4 7 1 1 0 2
5 8 1 1 0 2
haar_x2_y2
3.767696e-04 -1 -2
-3.476306e-01 -9.963070e-02 3.520371e-01 
2
2
24 22 2 2 0 -1
24 22 1 2 0 2
haar_x2
2.079660e-04 1 0
2
15 15 8 2 0 -1
15 16 8 1 0 2
haar_y2
-1.353375e-04 -1 -2
-2.112244e-01 1.063880e-01 -1.054976e-01 
2
2
0 0 6 2 0 -1
0 1 6 1 0 2
haar_y2
-4.201337e-03 0 1
2
6 22 2 2 0 -1
7 22 1 2 0 2
haar_x2
7.808452e-04 -1 -2
-4.265142e-01 1.265678e-01 -6.344297e-01 
-1.210557e+00

5
-1
