16
2
2
12 25 3 2 0 -1
12 25 3 1 0 2
tilted_haar_y2
-1.779648e-03 1 0
2
2 22 6 2 0 -1
2 22 3 2 0 2
tilted_haar_x2
-1.497871e-02 -1 -2
-4.729677e-01 -6.737853e-01 4.751447e-01 
2
2
13 27 4 2 0 -1
13 27 2 2 0 2
haar_x2
5.314620e-04 0 1
3
24 3 6 16 0 -1
27 3 3 8 0 2
24 11 3 8 0 2
haar_x2_y2
1.203704e-02 -1 -2
1.303800e-01 -1.112857e-01 3.311265e-01 
2
3
2 5 4 10 0 -1
2 5 2 5 0 2
4 10 2 5 0 2
haar_x2_y2
3.543780e-03 1 0
3
4 2 2 12 0 -1
4 2 1 6 0 2
5 8 1 6 0 2
haar_x2_y2
-1.021025e-03 -1 -2
5.017297e-01 2.567616e-01 -4.817779e-01 
2
2
8 12 15 16 0 -1
8 20 15 8 0 2
haar_y2
-2.244514e-01 0 1
2
17 0 4 13 0 -1
17 0 2 13 0 2
tilted_haar_y2
6.868282e-02 -1 -2
5.117408e-01 2.436338e-04 -8.520982e-01 
2
2
6 8 16 3 0 -1
6 9 16 1 0 3
haar_y3
4.988615e-03 1 0
2
12 2 4 12 0 -1
12 6 4 4 0 3
haar_y3
-1.344676e-02 -1 -2
5.206633e-01 1.483079e-01 -5.309911e-01 
2
2
9 28 18 1 0 -1
15 28 6 1 0 3
haar_x3
-1.095102e-04 1 0
2
14 26 3 1 0 -1
15 26 1 1 0 3
haar_x3
2.273271e-04 -1 -2
-3.797702e-01 2.065664e-02 -6.439518e-01 
2
2
11 29 6 1 0 -1
13 29 2 1 0 3
haar_x3
2.874556e-04 1 0
2
3 28 18 1 0 -1
9 28 6 1 0 3
haar_x3
-1.689673e-04 -1 -2
-6.290655e-01 5.076773e-01 -2.291772e-01 
2
2
15 23 3 6 0 -1
16 25 1 2 0 9
haar_point
-8.266658e-03 0 1
2
24 11 4 11 0 -1
25 12 2 11 0 2
tilted_haar_y4
9.363903e-03 -1 -2
3.308981e-01 -1.378515e-01 6.762808e-01 
2
2
12 19 6 3 0 -1
12 20 6 1 0 3
haar_y3
-5.288332e-03 0 1
2
10 16 9 3 0 -1
10 17 9 1 0 3
haar_y3
6.161601e-03 -1 -2
7.308686e-01 -3.958127e-01 4.834820e-01 
2
2
20 21 9 2 0 -1
20 22 9 1 0 2
haar_y2
-1.949126e-02 1 0
2
28 19 2 7 0 -1
28 19 1 7 0 2
tilted_haar_y2
-2.516236e-03 -1 -2
4.297691e-02 3.216026e-01 -1.439944e-01 
2
2
1 21 9 2 0 -1
1 22 9 1 0 2
haar_y2
-3.348683e-04 1 0
2
2 19 7 2 0 -1
2 19 7 1 0 2
tilted_haar_y2
-2.077208e-03 -1 -2
-4.620109e-01 7.727416e-01 -8.132268e-02 
2
2
8 0 16 4 0 -1
8 0 8 4 0 2
haar_x2
-4.128089e-04 0 1
2
17 27 9 1 0 -1
20 27 3 1 0 3
haar_x3
4.964894e-04 -1 -2
2.787974e-01 1.691742e-01 -5.090378e-01 
2
2
6 3 16 16 0 -1
6 11 16 8 0 2
haar_y2
-1.240354e-01 0 1
2
0 4 15 9 0 -1
0 7 15 3 0 3
haar_y3
-1.850213e-02 -1 -2
6.490833e-01 1.930927e-01 -4.989410e-01 
2
2
15 0 12 22 0 -1
15 0 6 22 0 2
haar_x2
5.764250e-02 0 1
2
16 24 2 3 0 -1
15 25 2 1 0 3
tilted_haar_x3
-1.220830e-03 -1 -2
-9.005333e-02 1.737527e-01 -1.666620e-01 
2
2
13 26 3 4 0 -1
14 26 1 4 0 3
haar_x3
-4.806405e-04 0 1
2
1 27 4 3 0 -1
3 27 2 3 0 2
haar_x2
-1.536505e-04 -1 -2
-8.063616e-01 3.832754e-01 -3.699706e-01 
2
2
13 0 12 26 0 -1
13 0 6 26 0 2
haar_x2
-1.105925e-01 0 1
2
12 0 12 3 0 -1
15 0 6 3 0 2
haar_x4
1.433300e-02 -1 -2
-9.448308e-01 -5.807616e-04 -4.188870e-01 
-1.471111e+00

7
-1
