13
2
2
1 13 8 5 0 -1
5 13 4 5 0 2
haar_x2
-1.126497e-02 0 1
2
14 0 4 3 0 -1
14 1 4 1 0 3
haar_y3
-3.199315e-03 -1 -2
1.000000e+00 1.000000e+00 -2.698431e-01 
2
2
28 21 3 3 0 -1
29 21 1 3 0 3
haar_x3
2.427100e-04 1 0
2
29 22 3 2 0 -1
30 22 1 2 0 3
haar_x3
-2.473917e-03 -1 -2
-4.046601e-01 -8.773571e-01 1.544628e-01 
2
2
0 18 2 6 0 -1
1 18 1 6 0 2
haar_x2
1.820619e-04 1 0
2
2 18 8 1 0 -1
6 18 4 1 0 2
haar_x2
-4.916871e-04 -1 -2
-4.658208e-01 -1.094537e-01 8.055421e-01 
2
2
24 4 3 19 0 -1
25 4 1 19 0 3
haar_x3
-9.415761e-03 0 1
2
26 2 6 2 0 -1
26 2 3 2 0 2
haar_x2
-1.493771e-03 -1 -2
1.000000e+00 4.837447e-01 -3.905705e-02 
2
2
11 3 10 4 0 -1
16 3 5 4 0 2
haar_x2
8.396324e-03 1 0
2
2 17 6 7 0 -1
4 17 2 7 0 3
haar_x3
7.690910e-04 -1 -2
1.000093e+00 -3.939874e-01 8.345402e-01 
2
2
28 0 3 2 0 -1
28 1 3 1 0 2
haar_y2
1.916467e-03 1 0
2
25 19 6 3 0 -1
27 19 2 3 0 3
haar_x3
-2.075981e-03 -1 -2
-3.982034e-01 4.062120e-01 7.708028e-03 
2
2
8 20 14 2 0 -1
15 20 7 2 0 2
haar_x2
-2.744899e-05 0 1
2
10 16 12 4 0 -1
14 16 4 4 0 3
haar_x3
-1.646301e-03 -1 -2
5.834652e-01 8.368803e-01 -4.741929e-01 
2
2
29 9 2 4 0 -1
29 11 2 2 0 2
haar_y2
6.550838e-03 0 1
3
20 2 2 8 0 -1
21 2 1 4 0 2
20 6 1 4 0 2
haar_x2_y2
-6.863297e-04 -1 -2
7.411868e-02 1.896953e-01 -7.418617e-02 
2
2
1 9 2 4 0 -1
1 11 2 2 0 2
haar_y2
-2.540836e-03 0 1
3
10 2 2 8 0 -1
10 2 1 4 0 2
11 6 1 4 0 2
haar_x2_y2
-6.316338e-04 -1 -2
8.694782e-01 -6.340162e-01 2.595766e-01 
2
3
28 15 4 8 0 -1
30 15 2 4 0 2
28 19 2 4 0 2
haar_x2_y2
-4.485521e-03 1 0
2
19 10 12 8 0 -1
19 10 6 8 0 2
haar_x2
-6.509140e-02 -1 -2
-8.353915e-02 1.000000e+00 -6.092798e-02 
2
3
0 15 4 8 0 -1
0 15 2 4 0 2
2 19 2 4 0 2
haar_x2_y2
1.239843e-03 1 0
2
5 6 22 2 0 -1
5 7 22 1 0 2
haar_y2
9.920585e-04 -1 -2
7.821026e-01 5.231224e-01 -5.374686e-01 
2
3
19 0 6 6 0 -1
22 0 3 3 0 2
19 3 3 3 0 2
haar_x2_y2
-4.826790e-03 1 0
2
17 10 12 9 0 -1
21 10 4 9 0 3
haar_x3
1.474068e-02 -1 -2
-1.094590e-01 -9.302317e-02 4.935581e-01 
2
3
7 0 6 6 0 -1
7 0 3 3 0 2
10 3 3 3 0 2
haar_x2_y2
1.969082e-03 1 0
2
3 10 12 9 0 -1
7 10 4 9 0 3
haar_x3
-3.708342e-03 -1 -2
7.719448e-01 5.813572e-01 -4.936063e-01 
-1.341591e+00

12
-1
