5
2
2
2 21 26 9 0 -1
2 24 26 3 0 3
haar_y3
-7.673677e-02 1 0
2
0 25 6 5 0 -1
3 25 3 5 0 2
haar_x2
-9.702974e-04 -1 -2
-7.377094e-01 8.894117e-01 -2.435326e-01 
2
2
2 18 26 12 0 -1
2 21 26 6 0 2
haar_y4
-7.216641e-02 0 1
2
1 0 28 8 0 -1
8 0 14 8 0 2
haar_x4
2.955299e-02 -1 -2
6.101865e-01 -2.017034e-01 4.567229e-01 
2
2
3 12 23 16 0 -1
3 20 23 8 0 2
haar_y2
-2.532038e-01 0 1
2
7 0 13 8 0 -1
7 4 13 4 0 2
haar_y2
-5.876518e-02 -1 -2
4.823241e-01 4.060726e-01 -7.071135e-01 
2
2
19 28 11 2 0 -1
19 29 11 1 0 2
haar_y2
2.713616e-04 0 1
2
12 27 18 2 0 -1
18 27 6 2 0 3
haar_x3
1.864705e-03 -1 -2
-5.243970e-01 1.155906e-01 -7.535111e-01 
2
2
0 27 18 2 0 -1
6 27 6 2 0 3
haar_x3
-1.848850e-04 1 0
2
9 26 12 3 0 -1
13 26 4 3 0 3
haar_x3
9.465273e-04 -1 -2
-6.785715e-01 6.284415e-01 -6.772987e-01 
-1.542482e+00

0
-1
