3
2
2
12 25 3 3 0 -1
13 25 1 3 0 3
haar_x3
-1.156533e-04 1 0
2
14 10 2 13 0 -1
15 10 1 13 0 2
haar_x2
-1.111309e-04 -1 -2
8.156776e-01 -8.405910e-01 9.998764e-01 
2
2
22 22 8 6 0 -1
22 22 4 6 0 2
haar_x2
-1.445394e-02 0 1
2
29 23 1 2 0 -1
29 23 1 1 0 2
tilted_haar_x2
-1.109824e-04 -1 -2
7.144012e-01 -5.952300e-01 3.138691e-01 
2
2
0 19 4 9 0 -1
2 19 2 9 0 2
haar_x2
-2.399166e-03 0 1
2
0 17 8 11 0 -1
2 17 4 11 0 2
haar_x4
6.245549e-04 -1 -2
7.072905e-01 -8.823753e-01 1.000019e+00 
-1.008565e+00

10
-1
