9
2
2
6 21 18 9 0 -1
6 24 18 3 0 3
haar_y3
-6.851909e-02 1 0
2
0 24 30 6 0 -1
10 24 10 6 0 3
haar_x3
-2.536295e-02 -1 -2
-5.478818e-01 5.918440e-01 -5.594372e-01 
2
2
6 11 21 18 0 -1
6 20 21 9 0 2
haar_y2
-2.879991e-01 1 0
2
29 8 1 22 0 -1
29 19 1 11 0 2
haar_y2
-1.129466e-02 -1 -2
-2.725101e-01 -4.644825e-01 1.135099e-01 
2
2
10 26 6 4 0 -1
12 26 2 4 0 3
haar_x3
-1.635169e-03 0 1
2
10 26 6 4 0 -1
12 26 2 4 0 3
haar_x3
6.551045e-04 -1 -2
-7.699475e-01 4.789133e-01 -5.246695e-01 
2
2
8 1 16 3 0 -1
8 2 16 1 0 3
haar_y3
7.256516e-03 1 0
3
21 9 8 6 0 -1
25 9 4 3 0 2
21 12 4 3 0 2
haar_x2_y2
5.988005e-03 -1 -2
5.670285e-01 -1.279389e-01 4.209037e-01 
2
2
3 26 10 4 0 -1
3 28 10 2 0 2
haar_y2
1.212853e-02 0 1
2
0 0 30 30 0 -1
0 15 30 15 0 2
haar_y2
-1.897215e-01 -1 -2
-4.903006e-01 4.444781e-01 -5.136350e-01 
2
2
22 12 8 13 0 -1
24 12 4 13 0 2
haar_x4
-7.620044e-03 0 1
3
26 6 4 10 0 -1
28 6 2 5 0 2
26 11 2 5 0 2
haar_x2_y2
-7.246851e-03 -1 -2
3.345524e-01 3.604015e-01 -7.179236e-02 
2
2
0 12 8 13 0 -1
2 12 4 13 0 2
haar_x4
-4.927599e-03 0 1
3
0 6 4 10 0 -1
0 6 2 5 0 2
2 11 2 5 0 2
haar_x2_y2
3.158869e-03 -1 -2
2.297953e-01 -6.534753e-01 1.763759e-01 
2
2
3 17 26 8 0 -1
3 21 26 4 0 2
haar_y2
-9.695743e-02 0 1
2
9 22 21 3 0 -1
9 23 21 1 0 3
haar_y3
-6.658144e-03 -1 -2
3.208600e-01 3.716746e-01 -1.798157e-01 
2
2
11 28 6 2 0 -1
13 28 2 2 0 3
haar_x3
-5.733968e-04 0 1
2
0 25 4 5 0 -1
2 25 2 5 0 2
haar_x2
-3.632525e-04 -1 -2
-6.946026e-01 1.715190e-01 -5.873756e-01 
-1.172177e+00

5
-1
