9
2
2
7 26 6 4 0 -1
7 28 6 2 0 2
haar_y2
7.656849e-03 0 1
2
0 25 20 5 0 -1
5 25 10 5 0 2
haar_x4
-4.791387e-03 -1 -2
-5.411629e-01 6.193287e-01 -4.044373e-01 
2
2
16 4 7 16 0 -1
12 8 7 8 0 2
tilted_haar_x4
5.951148e-02 1 0
2
24 23 6 1 0 -1
24 23 3 1 0 2
haar_x2
-6.553021e-04 -1 -2
3.479626e-01 3.773917e-01 -4.842449e-01 
2
2
7 5 15 9 0 -1
7 8 15 3 0 3
haar_y3
-3.047321e-02 0 1
2
6 10 18 4 0 -1
6 11 18 2 0 2
haar_y4
-1.091695e-02 -1 -2
3.211452e-01 3.891855e-01 -5.501893e-01 
2
2
15 18 2 8 0 -1
15 18 2 4 0 2
tilted_haar_x2
1.466617e-02 0 1
2
28 17 2 10 0 -1
28 22 2 5 0 2
haar_y2
-1.132350e-02 -1 -2
-2.556718e-01 -6.604473e-01 1.366388e-01 
2
2
0 26 2 4 0 -1
1 26 1 4 0 2
haar_x2
2.408069e-04 1 0
2
0 26 22 1 0 -1
11 26 11 1 0 2
haar_x2
-5.409427e-04 -1 -2
-7.233635e-01 4.557497e-01 -3.713343e-01 
2
2
16 28 6 2 0 -1
18 28 2 2 0 3
haar_x3
-1.378574e-03 1 0
3
2 12 28 14 0 -1
16 12 14 7 0 2
2 19 14 7 0 2
haar_x2_y2
-6.529084e-02 -1 -2
6.100487e-02 -4.651917e-01 6.762680e-02 
2
2
8 28 6 2 0 -1
10 28 2 2 0 3
haar_x3
6.115185e-04 1 0
2
1 0 18 23 0 -1
10 0 9 23 0 2
haar_x2
2.198702e-02 -1 -2
-7.848641e-01 -2.797359e-01 3.560199e-01 
2
2
7 9 17 6 0 -1
7 11 17 2 0 3
haar_y3
3.974108e-02 1 0
2
13 17 7 3 0 -1
13 18 7 1 0 3
haar_y3
-3.278788e-03 -1 -2
6.198764e-01 4.613173e-01 -1.521371e-01 
2
2
15 20 9 1 0 -1
18 23 3 1 0 3
tilted_haar_x3
-1.039807e-02 1 0
2
0 21 1 6 0 -1
0 23 1 2 0 3
haar_y3
-2.482744e-03 -1 -2
-3.890791e-01 -6.535763e-01 4.383246e-01 
-1.350734e+00

5
-1
