42
2
2
1 11 30 10 0 -1
1 16 30 5 0 2
haar_y2
1.647568e-01 1 0
2
0 16 6 5 0 -1
3 16 3 5 0 2
haar_x2
-9.953689e-03 -1 -2
3.307637e-01 2.102864e-01 -2.984821e-01 
2
2
10 9 19 15 0 -1
10 14 19 5 0 3
haar_y3
-2.647160e-01 0 1
2
13 8 16 4 0 -1
13 10 16 2 0 2
haar_y2
-1.031703e-02 -1 -2
3.809722e-01 1.875875e-01 -1.405372e-01 
2
2
8 0 16 6 0 -1
8 3 16 3 0 2
haar_y2
3.533616e-02 1 0
2
0 1 29 3 0 -1
0 2 29 1 0 3
haar_y3
1.473805e-02 -1 -2
1.811383e-01 -2.552117e-01 2.243675e-01 
2
2
16 22 3 2 0 -1
17 22 1 2 0 3
haar_x3
-1.976688e-04 0 1
2
15 21 6 3 0 -1
17 21 2 3 0 3
haar_x3
4.734348e-04 -1 -2
-2.954533e-01 6.887225e-02 -2.631417e-01 
2
2
6 14 12 2 0 -1
6 15 12 1 0 2
haar_y2
-3.238494e-03 0 1
2
12 16 5 2 0 -1
12 17 5 1 0 2
haar_y2
-3.806782e-04 -1 -2
3.098786e-01 2.268802e-01 -2.278348e-01 
2
3
29 8 2 2 0 -1
30 8 1 1 0 2
29 9 1 1 0 2
haar_x2_y2
3.597387e-04 0 1
3
29 8 2 2 0 -1
30 8 1 1 0 2
29 9 1 1 0 2
haar_x2_y2
3.597387e-04 -1 -2
-4.350010e-02 -4.350010e-02 2.350542e-01 
2
2
9 16 12 3 0 -1
9 17 12 1 0 3
haar_y3
6.949257e-03 1 0
3
14 5 2 2 0 -1
14 5 1 1 0 2
15 6 1 1 0 2
haar_x2_y2
2.202203e-04 -1 -2
2.903113e-01 -1.914685e-01 2.046127e-01 
2
3
30 3 2 18 0 -1
31 3 1 9 0 2
30 12 1 9 0 2
haar_x2_y2
-1.169727e-03 0 1
3
30 10 2 8 0 -1
31 10 1 4 0 2
30 14 1 4 0 2
haar_x2_y2
-1.310057e-03 -1 -2
1.181996e-01 1.266727e-01 -4.858718e-02 
2
2
9 23 6 1 0 -1
11 23 2 1 0 3
haar_x3
2.622368e-04 1 0
3
0 6 2 10 0 -1
0 6 1 5 0 2
1 11 1 5 0 2
haar_x2_y2
-1.784809e-03 -1 -2
-3.438898e-01 2.957272e-01 -8.619330e-02 
2
2
3 6 26 6 0 -1
3 8 26 2 0 3
haar_y3
-3.753573e-02 0 1
2
15 8 13 3 0 -1
15 9 13 1 0 3
haar_y3
-1.935896e-03 -1 -2
3.103795e-01 1.506853e-01 -8.955315e-02 
2
2
15 8 2 3 0 -1
15 9 2 1 0 3
haar_y3
1.137448e-03 1 0
2
14 7 1 3 0 -1
14 8 1 1 0 3
haar_y3
4.180213e-04 -1 -2
2.248114e-01 -2.965196e-01 8.161046e-02 
2
2
14 23 6 1 0 -1
16 23 2 1 0 3
haar_x3
-1.201967e-03 1 0
2
4 1 24 7 0 -1
12 1 8 7 0 3
haar_x3
1.561802e-02 -1 -2
2.737748e-02 -1.551868e-01 1.238023e-01 
2
2
12 23 6 1 0 -1
14 23 2 1 0 3
haar_x3
2.333310e-04 1 0
2
1 14 30 10 0 -1
11 14 10 10 0 3
haar_x3
1.166767e-02 -1 -2
-3.469561e-01 1.327090e-01 -2.854733e-01 
2
2
17 7 5 2 0 -1
17 8 5 1 0 2
haar_y2
-7.377818e-04 0 1
3
26 12 6 8 0 -1
29 12 3 4 0 2
26 16 3 4 0 2
haar_x2_y2
-6.530127e-03 -1 -2
1.032905e-01 2.693860e-01 -9.202972e-02 
2
2
0 0 6 4 0 -1
2 0 2 4 0 3
haar_x3
-2.518237e-03 0 1
2
9 2 2 5 0 -1
10 2 1 5 0 2
haar_x2
7.788336e-04 -1 -2
1.751144e-01 -2.799751e-01 9.040693e-02 
2
2
9 8 15 14 0 -1
9 15 15 7 0 2
haar_y2
2.456151e-01 1 0
2
13 18 10 6 0 -1
13 21 10 3 0 2
haar_y2
6.069560e-02 -1 -2
4.958467e-01 -4.447492e-02 2.950154e-01 
2
2
5 0 21 19 0 -1
12 0 7 19 0 3
haar_x3
2.027609e-02 1 0
2
10 0 3 5 0 -1
11 0 1 5 0 3
haar_x3
-4.526459e-04 -1 -2
1.068319e-01 9.919008e-02 -3.603779e-01 
2
2
30 17 2 6 0 -1
30 17 1 6 0 2
haar_x2
1.075276e-03 1 0
2
16 18 3 6 0 -1
17 18 1 6 0 3
haar_x3
-6.420420e-04 -1 -2
-4.865080e-01 -1.750851e-01 2.843997e-02 
2
2
3 3 20 6 0 -1
13 3 10 6 0 2
haar_x2
-2.329765e-02 0 1
2
0 11 32 3 0 -1
16 11 16 3 0 2
haar_x2
-2.467710e-02 -1 -2
3.393772e-01 -3.506974e-01 5.347232e-02 
2
2
16 0 3 1 0 -1
17 0 1 1 0 3
haar_x3
-1.477343e-04 1 0
3
27 10 2 2 0 -1
28 10 1 1 0 2
27 11 1 1 0 2
haar_x2_y2
-4.148725e-04 -1 -2
-7.343330e-02 2.922822e-01 -8.749097e-02 
2
2
0 17 2 6 0 -1
1 17 1 6 0 2
haar_x2
5.140189e-04 1 0
3
0 10 2 6 0 -1
0 10 1 3 0 2
1 13 1 3 0 2
haar_x2_y2
7.141836e-04 -1 -2
-3.767721e-01 -8.780845e-03 3.382398e-01 
2
2
9 8 15 15 0 -1
9 13 15 5 0 3
haar_y3
-1.647811e-01 0 1
2
12 18 14 6 0 -1
12 20 14 2 0 3
haar_y3
-3.841720e-02 -1 -2
2.498806e-01 2.398892e-01 -5.006273e-02 
2
2
1 14 27 5 0 -1
10 14 9 5 0 3
haar_x3
3.787647e-02 0 1
2
3 5 2 18 0 -1
3 11 2 6 0 3
haar_y3
8.356321e-04 -1 -2
-1.374597e-01 -2.318002e-01 6.757284e-01 
2
3
28 14 4 8 0 -1
30 14 2 4 0 2
28 18 2 4 0 2
haar_x2_y2
1.433002e-03 1 0
3
27 7 2 2 0 -1
28 7 1 1 0 2
27 8 1 1 0 2
haar_x2_y2
2.374969e-04 -1 -2
2.038441e-01 -6.897171e-02 2.178686e-01 
2
2
0 20 2 2 0 -1
0 21 2 1 0 2
haar_y2
-2.085274e-03 0 1
2
3 1 22 3 0 -1
3 2 22 1 0 3
haar_y3
-8.037217e-03 -1 -2
-7.021618e-01 2.608890e-01 -1.235899e-01 
2
2
22 20 2 2 0 -1
22 21 2 1 0 2
haar_y2
-2.669193e-05 0 1
2
17 9 12 2 0 -1
17 10 12 1 0 2
haar_y2
-2.820090e-03 -1 -2
9.118448e-02 8.128218e-02 -5.792791e-02 
2
2
12 8 3 4 0 -1
13 8 1 4 0 3
haar_x3
3.434313e-03 1 0
3
4 7 2 2 0 -1
4 7 1 1 0 2
5 8 1 1 0 2
haar_x2_y2
2.944534e-04 -1 -2
-6.244470e-01 -9.659171e-02 2.427663e-01 
2
2
10 3 13 3 0 -1
10 4 13 1 0 3
haar_y3
-3.685319e-03 0 1
2
15 2 7 3 0 -1
15 3 7 1 0 3
haar_y3
-4.927975e-03 -1 -2
1.948275e-01 1.687346e-01 -5.567013e-02 
2
2
5 0 3 6 0 -1
5 2 3 2 0 3
haar_y3
-1.674890e-02 0 1
3
0 14 4 6 0 -1
0 14 2 3 0 2
2 17 2 3 0 2
haar_x2_y2
1.366317e-03 -1 -2
-7.893116e-01 -1.430054e-01 1.662690e-01 
2
2
3 7 28 10 0 -1
3 12 28 5 0 2
haar_y2
2.217244e-01 1 0
2
7 5 18 12 0 -1
7 11 18 6 0 2
haar_y2
1.914268e-01 -1 -2
5.165133e-01 -2.884383e-02 5.771690e-01 
2
2
7 5 18 12 0 -1
7 11 18 6 0 2
haar_y2
-6.169827e-02 1 0
3
1 3 2 6 0 -1
1 3 1 3 0 2
2 6 1 3 0 2
haar_x2_y2
6.109315e-04 -1 -2
-1.771770e-01 -2.604778e-02 4.498731e-01 
2
3
26 12 6 10 0 -1
29 12 3 5 0 2
26 17 3 5 0 2
haar_x2_y2
-1.282106e-02 0 1
2
17 22 3 1 0 -1
18 22 1 1 0 3
haar_x3
-1.254307e-04 -1 -2
2.963324e-01 -2.483586e-01 5.438118e-02 
2
2
0 21 3 3 0 -1
1 21 1 3 0 3
haar_x3
-2.030794e-04 0 1
2
3 5 25 9 0 -1
3 8 25 3 0 3
haar_y3
-2.619763e-02 -1 -2
-3.421516e-01 2.637704e-01 -1.061377e-01 
2
2
5 9 24 3 0 -1
5 10 24 1 0 3
haar_y3
1.168354e-02 1 0
2
8 12 19 3 0 -1
8 13 19 1 0 3
haar_y3
-2.903821e-02 -1 -2
3.002974e-01 4.251631e-01 -2.772027e-02 
2
3
0 12 6 10 0 -1
0 12 3 5 0 2
3 17 3 5 0 2
haar_x2_y2
-1.681202e-02 0 1
2
4 13 12 4 0 -1
8 13 4 4 0 3
haar_x3
-2.574523e-03 -1 -2
3.104836e-01 6.989230e-02 -2.568495e-01 
2
2
28 10 3 6 0 -1
29 10 1 6 0 3
haar_x3
-1.041657e-03 1 0
3
30 10 2 6 0 -1
31 10 1 3 0 2
30 13 1 3 0 2
haar_x2_y2
6.353394e-04 -1 -2
-1.232017e-01 -9.211034e-02 2.085886e-01 
2
2
11 4 1 2 0 -1
11 5 1 1 0 2
haar_y2
-1.617671e-04 0 1
2
3 19 3 2 0 -1
4 19 1 2 0 3
haar_x3
-8.536145e-05 -1 -2
2.618994e-01 -3.120830e-01 1.029057e-01 
2
3
9 2 18 14 0 -1
18 2 9 7 0 2
9 9 9 7 0 2
haar_x2_y2
2.668423e-02 0 1
3
27 6 4 4 0 -1
29 6 2 2 0 2
27 8 2 2 0 2
haar_x2_y2
-1.773617e-03 -1 -2
-4.463747e-02 1.431873e-01 -6.579740e-02 
2
2
0 8 2 10 0 -1
0 13 2 5 0 2
haar_y2
2.772230e-02 1 0
2
12 9 4 2 0 -1
14 9 2 2 0 2
haar_x2
1.764352e-03 -1 -2
-7.691787e-01 1.198622e-01 -2.744732e-01 
2
2
10 1 12 14 0 -1
14 1 4 14 0 3
haar_x3
-6.710436e-02 0 1
3
26 6 2 2 0 -1
27 6 1 1 0 2
26 7 1 1 0 2
haar_x2_y2
2.154166e-04 -1 -2
-7.466942e-01 -8.547854e-02 1.747681e-01 
2
3
4 6 2 2 0 -1
4 6 1 1 0 2
5 7 1 1 0 2
haar_x2_y2
4.440300e-04 1 0
2
5 15 15 8 0 -1
5 19 15 4 0 2
haar_y2
1.012645e-01 -1 -2
3.160501e-01 -1.345009e-01 2.806073e-01 
2
2
31 3 1 14 0 -1
31 10 1 7 0 2
haar_y2
2.461497e-03 1 0
2
1 18 30 6 0 -1
11 18 10 6 0 3
haar_x3
-9.011236e-02 -1 -2
1.820572e-01 3.027872e-01 -5.590401e-02 
-1.021657e+00

6
-1
