7
2
2
1 18 27 12 0 -1
1 21 27 6 0 2
haar_y4
-1.007711e-01 1 0
2
0 26 30 1 0 -1
10 26 10 1 0 3
haar_x3
-5.311155e-03 -1 -2
-5.656875e-01 6.743928e-01 -4.327374e-01 
2
2
26 24 4 6 0 -1
26 24 2 6 0 2
haar_x2
-7.381540e-04 1 0
2
15 27 12 3 0 -1
18 27 6 3 0 2
haar_x4
6.904096e-04 -1 -2
-6.748716e-01 2.260856e-01 -6.314252e-01 
2
2
0 27 18 2 0 -1
6 27 6 2 0 3
haar_x3
-1.836253e-04 1 0
2
9 27 12 1 0 -1
12 27 6 1 0 2
haar_x4
4.100773e-04 -1 -2
-5.726151e-01 5.355640e-01 -5.807137e-01 
2
2
15 16 3 10 0 -1
15 16 3 5 0 2
tilted_haar_x2
1.120228e-02 0 1
2
15 2 5 12 0 -1
15 6 5 4 0 3
haar_y3
-2.074442e-02 -1 -2
-4.831528e-01 5.342510e-01 -1.552290e-01 
2
2
0 25 4 2 0 -1
2 25 2 2 0 2
haar_x2
-1.788957e-04 1 0
2
14 25 2 5 0 -1
15 25 1 5 0 2
haar_x2
5.617435e-04 -1 -2
-4.583237e-01 4.834241e-01 -8.396174e-01 
2
2
16 25 1 4 0 -1
16 25 1 2 0 2
tilted_haar_x2
-1.905123e-03 1 0
2
0 27 30 3 0 -1
10 27 10 3 0 3
haar_x3
2.061718e-03 -1 -2
-4.206324e-01 7.728688e-02 -6.677602e-01 
2
2
14 27 2 2 0 -1
15 27 1 2 0 2
haar_x2
-2.057010e-04 0 1
2
0 0 30 30 0 -1
0 15 30 15 0 2
haar_y2
2.579389e-02 -1 -2
-8.582555e-01 4.467479e-01 -8.076981e-01 
-1.366704e+00

3
-1
