16
2
2
14 24 4 1 0 -1
15 25 2 1 0 2
tilted_haar_x4
-9.479356e-04 1 0
2
0 2 26 28 0 -1
0 16 26 14 0 2
haar_y2
-1.843280e-01 -1 -2
-3.999653e-01 6.077282e-01 -2.931848e-01 
2
2
7 10 16 6 0 -1
7 12 16 2 0 3
haar_y3
2.501442e-02 1 0
2
18 11 2 4 0 -1
18 12 2 2 0 2
haar_y4
1.861130e-03 -1 -2
6.104589e-01 -1.125038e-01 5.965734e-01 
2
3
4 10 4 8 0 -1
4 10 2 4 0 2
6 14 2 4 0 2
haar_x2_y2
5.112366e-03 1 0
2
10 18 5 3 0 -1
10 19 5 1 0 3
haar_y3
-2.932861e-03 -1 -2
8.208200e-01 6.105667e-01 -3.213569e-01 
2
2
22 18 8 12 0 -1
22 21 8 6 0 2
haar_y4
-8.221660e-03 1 0
2
2 28 26 2 0 -1
2 28 13 2 0 2
haar_x2
6.568767e-03 -1 -2
-5.735598e-01 1.656679e-01 -5.079859e-01 
2
2
1 0 12 6 0 -1
7 0 6 6 0 2
haar_x2
7.226335e-03 1 0
3
3 3 2 20 0 -1
3 3 1 10 0 2
4 13 1 10 0 2
haar_x2_y2
2.658727e-03 -1 -2
5.139384e-01 -3.799306e-01 6.754228e-01 
2
2
23 20 4 1 0 -1
24 20 2 1 0 2
haar_x4
-5.302278e-04 0 1
2
20 0 7 4 0 -1
20 0 7 2 0 2
tilted_haar_x2
-1.353673e-02 -1 -2
2.833830e-01 3.153832e-01 -7.771356e-02 
2
2
3 20 4 1 0 -1
4 20 2 1 0 2
haar_x4
-3.064838e-04 0 1
2
10 0 4 7 0 -1
10 0 2 7 0 2
tilted_haar_x2
1.465898e-02 -1 -2
6.563108e-01 -4.117433e-01 7.295396e-01 
2
3
10 0 12 28 0 -1
16 0 6 14 0 2
10 14 6 14 0 2
haar_x2_y2
-4.337692e-02 0 1
2
14 27 12 2 0 -1
14 27 6 2 0 2
haar_x2
-1.120517e-03 -1 -2
-6.202670e-01 1.318801e-01 -2.399456e-01 
2
3
8 0 12 28 0 -1
8 0 6 14 0 2
14 14 6 14 0 2
haar_x2_y2
-4.240178e-02 0 1
2
5 21 6 1 0 -1
7 23 2 1 0 3
tilted_haar_x3
-1.284323e-03 -1 -2
-7.146358e-01 5.653780e-01 -1.966818e-01 
2
2
14 27 12 2 0 -1
14 27 6 2 0 2
haar_x2
4.592324e-03 1 0
2
7 16 17 3 0 -1
7 17 17 1 0 3
haar_y3
-4.332336e-03 -1 -2
-8.820113e-01 5.443834e-01 -1.914785e-01 
2
2
4 27 12 2 0 -1
10 27 6 2 0 2
haar_x2
5.666858e-04 1 0
2
0 11 2 16 0 -1
0 19 2 8 0 2
haar_y2
-5.564925e-04 -1 -2
-6.517200e-01 5.161283e-01 -3.284919e-01 
2
3
20 26 10 4 0 -1
25 26 5 2 0 2
20 28 5 2 0 2
haar_x2_y2
2.037827e-03 0 1
2
11 1 16 8 0 -1
11 1 8 8 0 2
haar_x2
8.588070e-02 -1 -2
-4.408375e-01 1.420061e-02 -5.050585e-01 
2
3
0 26 10 4 0 -1
0 26 5 2 0 2
5 28 5 2 0 2
haar_x2_y2
1.768229e-03 1 0
2
15 3 15 2 0 -1
20 8 5 2 0 3
tilted_haar_x3
1.440516e-02 -1 -2
5.070674e-01 -4.787968e-01 4.986095e-01 
2
3
14 28 2 2 0 -1
15 28 1 1 0 2
14 29 1 1 0 2
haar_x2_y2
7.088446e-05 0 1
2
9 13 12 15 0 -1
13 13 4 15 0 3
haar_x3
2.328684e-03 -1 -2
2.181478e-01 -3.011815e-01 3.884822e-01 
2
2
1 3 6 9 0 -1
3 3 2 9 0 3
haar_x3
-7.105337e-03 0 1
2
1 3 28 13 0 -1
8 3 14 13 0 2
haar_x4
7.002315e-02 -1 -2
5.222879e-01 -5.655565e-01 3.164646e-01 
2
2
20 13 5 3 0 -1
20 14 5 1 0 3
haar_y3
-1.042298e-03 1 0
2
26 28 4 1 0 -1
27 28 2 1 0 2
haar_x4
4.560262e-04 -1 -2
-1.328872e-01 3.813896e-02 -6.480455e-01 
-1.576667e+00

8
-1
