43
2
2
0 1 1 22 0 -1
0 12 1 11 0 2
haar_y2
8.224125e-03 0 1
2
0 22 3 2 0 -1
1 22 1 2 0 3
haar_x3
2.850788e-04 -1 -2
-1.880413e-01 3.029790e-01 -4.864416e-01 
2
2
28 13 4 8 0 -1
28 13 2 8 0 2
haar_x2
-1.346151e-03 1 0
2
4 7 28 8 0 -1
4 11 28 4 0 2
haar_y2
-2.758513e-02 -1 -2
-2.212922e-01 1.829657e-01 -1.578590e-01 
2
2
0 13 4 8 0 -1
2 13 2 8 0 2
haar_x2
-2.901425e-03 1 0
2
0 21 3 2 0 -1
1 21 1 2 0 3
haar_x3
-1.723104e-04 -1 -2
-7.684936e-02 -2.267236e-01 3.976920e-01 
2
3
27 9 2 2 0 -1
28 9 1 1 0 2
27 10 1 1 0 2
haar_x2_y2
3.570919e-04 0 1
2
14 19 6 2 0 -1
16 19 2 2 0 3
haar_x3
6.728784e-04 -1 -2
-7.775810e-02 5.486293e-02 -2.370223e-01 
2
3
3 9 2 2 0 -1
3 9 1 1 0 2
4 10 1 1 0 2
haar_x2_y2
2.526205e-04 0 1
2
12 19 6 2 0 -1
14 19 2 2 0 3
haar_x3
4.348220e-04 -1 -2
-3.448702e-02 4.549571e-01 -2.258681e-01 
2
2
11 0 10 8 0 -1
11 4 10 4 0 2
haar_y2
1.236367e-02 1 0
2
14 1 4 21 0 -1
14 8 4 7 0 3
haar_y3
5.638049e-02 -1 -2
1.679584e-01 -6.324060e-02 2.620101e-01 
2
2
0 8 3 7 0 -1
1 8 1 7 0 3
haar_x3
-1.887924e-03 0 1
2
0 10 3 3 0 -1
1 10 1 3 0 3
haar_x3
3.500551e-04 -1 -2
1.912068e-01 -3.429329e-01 5.606503e-02 
2
2
7 4 25 15 0 -1
7 9 25 5 0 3
haar_y3
-3.222342e-01 0 1
2
11 6 15 14 0 -1
11 13 15 7 0 2
haar_y2
-1.658824e-01 -1 -2
3.223868e-01 2.023289e-01 -5.354071e-02 
2
2
10 17 5 2 0 -1
10 18 5 1 0 2
haar_y2
8.419994e-03 1 0
2
14 22 3 1 0 -1
15 22 1 1 0 3
haar_x3
8.707050e-05 -1 -2
5.642999e-01 -5.730091e-03 -3.862058e-01 
2
2
15 22 3 1 0 -1
16 22 1 1 0 3
haar_x3
1.188010e-03 0 1
2
22 17 1 2 0 -1
22 18 1 1 0 2
haar_y2
-1.746725e-04 -1 -2
1.109986e-02 1.617862e-01 -7.785773e-02 
2
2
14 22 3 1 0 -1
15 22 1 1 0 3
haar_x3
-1.021461e-04 0 1
2
9 17 1 2 0 -1
9 18 1 1 0 2
haar_y2
-1.772827e-04 -1 -2
-3.398114e-01 3.191583e-01 -5.923432e-02 
2
3
18 12 10 2 0 -1
23 12 5 1 0 2
18 13 5 1 0 2
haar_x2_y2
1.841360e-03 1 0
2
9 9 17 3 0 -1
9 10 17 1 0 3
haar_y3
-1.088868e-02 -1 -2
1.672269e-01 1.960094e-01 -6.027839e-02 
2
3
4 12 10 2 0 -1
4 12 5 1 0 2
9 13 5 1 0 2
haar_x2_y2
2.053777e-03 1 0
2
14 11 1 3 0 -1
14 12 1 1 0 3
haar_y3
4.578310e-04 -1 -2
2.103989e-01 -2.672983e-01 9.148259e-02 
2
2
3 0 27 5 0 -1
12 0 9 5 0 3
haar_x3
2.847647e-02 0 1
2
13 0 14 10 0 -1
13 0 7 10 0 2
haar_x2
2.857472e-02 -1 -2
-1.219771e-01 -7.518744e-02 1.469681e-01 
2
2
0 8 2 9 0 -1
0 11 2 3 0 3
haar_y3
1.211834e-02 1 0
2
4 2 3 1 0 -1
5 2 1 1 0 3
haar_x3
4.293206e-04 -1 -2
-3.495298e-01 2.104989e-02 4.375106e-01 
2
2
8 0 18 5 0 -1
14 0 6 5 0 3
haar_x3
8.119211e-02 1 0
2
1 17 30 5 0 -1
11 17 10 5 0 3
haar_x3
-5.744246e-02 -1 -2
-5.599398e-01 2.341923e-01 -6.928834e-02 
2
2
8 13 5 10 0 -1
8 18 5 5 0 2
haar_y2
1.429535e-02 1 0
2
3 18 24 6 0 -1
3 20 24 2 0 3
haar_y3
-2.988883e-02 -1 -2
1.873014e-01 1.507346e-01 -3.010075e-01 
2
2
31 14 1 9 0 -1
31 17 1 3 0 3
haar_y3
4.961866e-03 1 0
2
16 21 5 2 0 -1
16 22 5 1 0 2
haar_y2
-3.625346e-05 -1 -2
-3.815474e-01 1.558151e-01 -1.068872e-01 
2
2
0 18 32 1 0 -1
16 18 16 1 0 2
haar_x2
-7.063034e-03 0 1
2
3 12 26 3 0 -1
16 12 13 3 0 2
haar_x2
2.339621e-02 -1 -2
-2.012546e-01 2.608294e-01 -2.061320e-01 
2
3
29 8 2 2 0 -1
30 8 1 1 0 2
29 9 1 1 0 2
haar_x2_y2
2.314447e-03 0 1
3
12 14 10 2 0 -1
17 14 5 1 0 2
12 15 5 1 0 2
haar_x2_y2
2.922113e-03 -1 -2
4.235435e-03 -4.897992e-02 2.047280e-01 
2
3
1 8 2 2 0 -1
1 8 1 1 0 2
2 9 1 1 0 2
haar_x2_y2
-3.323535e-04 0 1
2
0 10 2 1 0 -1
1 10 1 1 0 2
haar_x2
6.709506e-04 -1 -2
2.286862e-01 -1.694978e-01 3.281021e-01 
2
2
3 15 28 2 0 -1
3 16 28 1 0 2
haar_y2
-5.470893e-03 1 0
2
3 3 28 9 0 -1
3 6 28 3 0 3
haar_y3
-5.632284e-02 -1 -2
-8.421460e-02 2.154074e-01 -5.838012e-02 
2
2
4 7 3 16 0 -1
5 7 1 16 0 3
haar_x3
1.217366e-02 1 0
2
5 12 1 3 0 -1
5 13 1 1 0 3
haar_y3
3.533315e-04 -1 -2
-8.039256e-01 -3.103383e-02 2.830546e-01 
2
2
3 5 26 9 0 -1
3 8 26 3 0 3
haar_y3
9.824402e-02 1 0
2
2 6 28 6 0 -1
2 8 28 2 0 3
haar_y3
-1.631193e-02 -1 -2
2.916919e-01 1.324445e-01 -8.692619e-02 
2
3
4 4 2 2 0 -1
4 4 1 1 0 2
5 5 1 1 0 2
haar_x2_y2
1.978189e-04 0 1
2
4 2 1 3 0 -1
4 3 1 1 0 3
haar_y3
-1.673924e-03 -1 -2
-1.716726e-01 -6.414478e-01 2.494627e-01 
2
3
26 10 2 2 0 -1
27 10 1 1 0 2
26 11 1 1 0 2
haar_x2_y2
1.408596e-04 0 1
2
17 11 3 1 0 -1
18 11 1 1 0 3
haar_x3
-2.463189e-04 -1 -2
-9.831589e-02 -1.557499e-01 4.824219e-02 
2
2
3 2 1 15 0 -1
3 7 1 5 0 3
haar_y3
-1.863682e-02 0 1
2
12 22 3 1 0 -1
13 22 1 1 0 3
haar_x3
6.901640e-05 -1 -2
-6.626167e-01 1.776627e-01 -1.833460e-01 
2
3
26 10 2 2 0 -1
27 10 1 1 0 2
26 11 1 1 0 2
haar_x2_y2
-4.154787e-04 1 0
3
23 0 8 8 0 -1
27 0 4 4 0 2
23 4 4 4 0 2
haar_x2_y2
-1.072042e-02 -1 -2
-6.329096e-02 1.667924e-01 -4.763322e-02 
2
3
4 10 2 2 0 -1
4 10 1 1 0 2
5 11 1 1 0 2
haar_x2_y2
1.277873e-04 1 0
3
1 0 8 8 0 -1
1 0 4 4 0 2
5 4 4 4 0 2
haar_x2_y2
-1.536190e-02 -1 -2
2.546366e-01 4.175270e-01 -1.461215e-01 
2
2
27 5 3 5 0 -1
28 5 1 5 0 3
haar_x3
5.789760e-04 1 0
2
12 9 9 1 0 -1
15 9 3 1 0 3
haar_x3
-5.919559e-03 -1 -2
1.247791e-01 -4.771922e-01 2.538259e-02 
2
2
5 13 19 3 0 -1
5 14 19 1 0 3
haar_y3
1.470033e-02 1 0
2
10 1 11 3 0 -1
10 2 11 1 0 3
haar_y3
1.131738e-02 -1 -2
3.047966e-01 -1.867872e-01 3.046787e-01 
2
2
5 2 26 4 0 -1
5 4 26 2 0 2
haar_y2
-5.212349e-02 0 1
2
11 3 13 3 0 -1
11 4 13 1 0 3
haar_y3
-7.983970e-03 -1 -2
-5.495272e-01 1.647083e-01 -4.191320e-02 
2
2
10 22 3 2 0 -1
11 22 1 2 0 3
haar_x3
1.582489e-04 1 0
2
5 22 3 2 0 -1
6 22 1 2 0 3
haar_x3
-1.774871e-03 -1 -2
-2.712923e-01 -8.496596e-01 1.428802e-01 
2
2
1 21 30 1 0 -1
11 21 10 1 0 3
haar_x3
-2.058226e-02 0 1
3
11 12 10 4 0 -1
16 12 5 2 0 2
11 14 5 2 0 2
haar_x2_y2
1.559731e-02 -1 -2
3.646309e-01 -4.787337e-02 5.691049e-01 
2
2
14 8 3 14 0 -1
14 15 3 7 0 2
haar_y2
5.173208e-02 1 0
2
6 8 20 10 0 -1
6 13 20 5 0 2
haar_y2
-2.268725e-02 -1 -2
4.628219e-01 4.099957e-02 -2.857612e-01 
2
2
28 5 4 14 0 -1
28 12 4 7 0 2
haar_y2
-3.970189e-02 0 1
2
23 7 3 3 0 -1
24 7 1 3 0 3
haar_x3
3.645827e-04 -1 -2
-2.909750e-01 -5.519083e-02 1.012347e-01 
2
3
0 0 28 8 0 -1
0 0 14 4 0 2
14 4 14 4 0 2
haar_x2_y2
2.218782e-02 1 0
2
5 0 6 12 0 -1
5 4 6 4 0 3
haar_y3
1.884911e-02 -1 -2
2.289723e-01 -2.457905e-01 1.664507e-01 
2
3
28 15 4 8 0 -1
30 15 2 4 0 2
28 19 2 4 0 2
haar_x2_y2
5.025812e-05 0 1
2
29 19 3 2 0 -1
30 19 1 2 0 3
haar_x3
-1.661643e-04 -1 -2
-1.071370e-01 -2.478150e-01 8.470746e-02 
2
2
3 15 13 8 0 -1
3 19 13 4 0 2
haar_y2
-6.671362e-02 0 1
2
0 19 3 2 0 -1
1 19 1 2 0 3
haar_x3
-1.596487e-04 -1 -2
4.501904e-01 -3.057123e-01 9.268411e-02 
2
3
17 20 8 2 0 -1
21 20 4 1 0 2
17 21 4 1 0 2
haar_x2_y2
-1.853677e-04 0 1
2
18 23 2 1 0 -1
18 23 1 1 0 2
haar_x2
4.280135e-04 -1 -2
7.789107e-02 1.584354e-02 -5.354144e-01 
2
3
7 20 8 2 0 -1
7 20 4 1 0 2
11 21 4 1 0 2
haar_x2_y2
1.012888e-03 1 0
2
8 12 8 12 0 -1
8 16 8 4 0 3
haar_y3
-1.062584e-01 -1 -2
3.105722e-01 5.285088e-01 -1.786635e-01 
2
2
29 19 3 1 0 -1
30 19 1 1 0 3
haar_x3
-9.946704e-05 0 1
2
29 16 3 1 0 -1
30 16 1 1 0 3
haar_x3
-1.243028e-04 -1 -2
-1.293392e-01 -1.661896e-01 7.101370e-02 
2
3
13 3 2 2 0 -1
13 3 1 1 0 2
14 4 1 1 0 2
haar_x2_y2
-1.946718e-04 0 1
2
1 9 3 5 0 -1
2 9 1 5 0 3
haar_x3
6.289561e-04 -1 -2
2.695881e-01 -2.158778e-01 1.675461e-01 
-1.051093e+00

7
-1
